0.319230 0.000010 0.000010 0.000010 0.000010 0.680710 0.000010 0.000010
0.339233 0.000010 0.000010 0.000010 0.000010 0.660707 0.000010 0.000010
0.340624 0.000010 0.000010 0.000010 0.000010 0.659316 0.000010 0.000010
0.338311 0.000010 0.000010 0.000010 0.000010 0.661629 0.000010 0.000010
0.324560 0.000010 0.000010 0.000010 0.000010 0.675380 0.000010 0.000010
0.356206 0.000010 0.000010 0.000010 0.000010 0.643734 0.000010 0.000010
0.329305 0.000010 0.000010 0.000010 0.000010 0.670635 0.000010 0.000010
0.338883 0.001002 0.000010 0.000010 0.000010 0.660065 0.000010 0.000010
0.304695 0.000010 0.000010 0.000010 0.000010 0.695245 0.000010 0.000010
0.311714 0.000010 0.000010 0.000010 0.009599 0.678638 0.000010 0.000010
0.372348 0.000010 0.000010 0.000010 0.000010 0.627592 0.000010 0.000010
0.380005 0.000010 0.000010 0.000010 0.000010 0.619935 0.000010 0.000010
0.360971 0.000010 0.000010 0.000010 0.000010 0.638969 0.000010 0.000010
0.383989 0.000010 0.000010 0.000010 0.000010 0.615951 0.000010 0.000010
0.383364 0.000010 0.000010 0.000010 0.008704 0.603787 0.000010 0.004105
0.396436 0.000010 0.000010 0.000010 0.000010 0.603504 0.000010 0.000010
0.332989 0.000010 0.000010 0.000010 0.000010 0.666951 0.000010 0.000010
0.350926 0.000010 0.000010 0.000010 0.000010 0.649014 0.000010 0.000010
0.308613 0.000010 0.000010 0.000010 0.008454 0.682884 0.000010 0.000010
0.303787 0.000010 0.000010 0.000010 0.000010 0.696153 0.000010 0.000010
0.349901 0.000010 0.000010 0.000010 0.000010 0.650039 0.000010 0.000010
0.363639 0.000010 0.000010 0.000010 0.011885 0.624426 0.000010 0.000010
0.335879 0.000010 0.000010 0.000010 0.000010 0.664061 0.000010 0.000010
0.343071 0.000010 0.000010 0.000010 0.000010 0.656869 0.000010 0.000010
0.381862 0.000010 0.000010 0.000010 0.000010 0.618078 0.000010 0.000010
0.362087 0.000010 0.000010 0.000010 0.000010 0.637853 0.000010 0.000010
0.339184 0.000010 0.000010 0.000010 0.000010 0.660756 0.000010 0.000010
0.433788 0.000010 0.000010 0.000010 0.000010 0.566152 0.000010 0.000010
0.339260 0.000010 0.000010 0.000010 0.000010 0.660680 0.000010 0.000010
0.297114 0.000010 0.000010 0.000010 0.000010 0.702826 0.000010 0.000010
0.308453 0.000010 0.000010 0.000010 0.000010 0.691487 0.000010 0.000010
0.365388 0.000010 0.000010 0.000010 0.000010 0.634552 0.000010 0.000010
0.298041 0.000010 0.000010 0.000010 0.000010 0.701899 0.000010 0.000010
0.316348 0.000010 0.000010 0.000010 0.000010 0.681918 0.000010 0.001684
0.321992 0.000010 0.000010 0.000010 0.000010 0.677948 0.000010 0.000010
0.328602 0.000010 0.000010 0.000010 0.000010 0.671338 0.000010 0.000010
0.343144 0.000010 0.000010 0.000010 0.000010 0.656796 0.000010 0.000010
0.367874 0.000010 0.000010 0.000010 0.000010 0.631287 0.000010 0.000790
0.362423 0.000010 0.000010 0.000010 0.003392 0.634135 0.000010 0.000010
0.326316 0.000010 0.000010 0.000010 0.000010 0.673624 0.000010 0.000010
0.314404 0.000010 0.000010 0.000010 0.000010 0.685536 0.000010 0.000010
0.282430 0.000010 0.000010 0.000010 0.000010 0.716219 0.000010 0.001301
0.339380 0.000010 0.000010 0.000010 0.000010 0.660560 0.000010 0.000010
0.346293 0.001393 0.000010 0.000010 0.005724 0.646550 0.000010 0.000010
0.307872 0.000010 0.000010 0.000010 0.001012 0.691066 0.000010 0.000010
0.298881 0.000010 0.000010 0.000010 0.000010 0.701059 0.000010 0.000010
0.295895 0.000010 0.000010 0.000010 0.000010 0.704045 0.000010 0.000010
0.288439 0.000010 0.000010 0.000010 0.000010 0.711501 0.000010 0.000010
0.320083 0.000010 0.000010 0.000010 0.000010 0.679857 0.000010 0.000010
0.343076 0.000010 0.000010 0.000010 0.000010 0.656864 0.000010 0.000010
0.335771 0.000010 0.000010 0.000010 0.000010 0.664169 0.000010 0.000010
0.317823 0.000010 0.000010 0.000010 0.000010 0.676283 0.000010 0.005844
0.316563 0.000010 0.000010 0.000010 0.000010 0.683377 0.000010 0.000010
0.338670 0.000010 0.000010 0.000010 0.000010 0.661270 0.000010 0.000010
0.346549 0.000010 0.000010 0.000010 0.000010 0.653391 0.000010 0.000010
0.307554 0.000010 0.000010 0.000010 0.000010 0.692386 0.000010 0.000010
0.336311 0.000010 0.000010 0.000010 0.000010 0.663629 0.000010 0.000010
0.330008 0.000010 0.000010 0.000010 0.000010 0.669932 0.000010 0.000010
0.326433 0.000010 0.000010 0.000010 0.000010 0.670330 0.000010 0.003187
0.351455 0.000010 0.000010 0.000010 0.000010 0.648485 0.000010 0.000010
0.999930 0.000010 0.000010 0.000010 0.000010 0.000010 0.000010 0.000010
0.999246 0.000694 0.000010 0.000010 0.000010 0.000010 0.000010 0.000010
0.793365 0.000010 0.000010 0.000010 0.000010 0.206575 0.000010 0.000010
0.999930 0.000010 0.000010 0.000010 0.000010 0.000010 0.000010 0.000010
0.990426 0.000010 0.000010 0.000010 0.000010 0.000010 0.004909 0.004615
0.956943 0.000010 0.000010 0.000010 0.000010 0.040318 0.000010 0.002689
0.994897 0.000010 0.000010 0.000010 0.000010 0.000010 0.000010 0.005043
0.888761 0.000010 0.005128 0.010098 0.000010 0.088168 0.007575 0.000250
0.688351 0.000010 0.000010 0.016154 0.009633 0.258635 0.012316 0.014891
0.999793 0.000147 0.000010 0.000010 0.000010 0.000010 0.000010 0.000010
0.999930 0.000010 0.000010 0.000010 0.000010 0.000010 0.000010 0.000010
0.998520 0.000010 0.000010 0.000010 0.000010 0.000010 0.001420 0.000010
0.999930 0.000010 0.000010 0.000010 0.000010 0.000010 0.000010 0.000010
0.990995 0.000010 0.000010 0.000010 0.000010 0.000010 0.008945 0.000010
0.979149 0.000010 0.000010 0.000010 0.006970 0.013831 0.000010 0.000010
0.871037 0.005632 0.000010 0.000010 0.000010 0.123280 0.000010 0.000010
0.841329 0.000010 0.000010 0.022962 0.005898 0.126401 0.000010 0.003380
0.294980 0.000010 0.000010 0.000010 0.001660 0.703310 0.000010 0.000010
0.282194 0.000010 0.000010 0.081813 0.000014 0.635939 0.000010 0.000010
0.312335 0.000010 0.000010 0.000010 0.000010 0.686178 0.000010 0.001436
0.297706 0.000010 0.000010 0.000010 0.000010 0.702234 0.000010 0.000010
0.320260 0.000010 0.000010 0.000010 0.000010 0.679680 0.000010 0.000010
0.300763 0.000010 0.000010 0.000010 0.000010 0.696753 0.000010 0.002434
0.301049 0.000010 0.000010 0.000010 0.000010 0.698891 0.000010 0.000010
0.301615 0.000010 0.000010 0.000010 0.000010 0.698325 0.000010 0.000010
0.326215 0.000010 0.000010 0.000010 0.000010 0.673725 0.000010 0.000010
0.308175 0.000010 0.000010 0.000010 0.002008 0.689767 0.000010 0.000010
0.298507 0.000010 0.000010 0.000010 0.000010 0.701433 0.000010 0.000010
0.323531 0.000010 0.000010 0.000010 0.000010 0.672767 0.000010 0.003652
0.247216 0.000010 0.000010 0.000010 0.000010 0.752724 0.000010 0.000010
0.308927 0.000010 0.000010 0.000010 0.005719 0.684628 0.000010 0.000687
0.299784 0.000010 0.000010 0.013233 0.000010 0.686933 0.000010 0.000010
0.334021 0.000010 0.013373 0.000010 0.004006 0.646410 0.000010 0.002160
0.314191 0.000010 0.000010 0.000010 0.000010 0.685749 0.000010 0.000010
0.276652 0.000010 0.000010 0.000010 0.003594 0.719704 0.000010 0.000010
0.341598 0.000010 0.000010 0.000010 0.000010 0.658342 0.000010 0.000010
0.272803 0.000010 0.000010 0.000010 0.000010 0.727137 0.000010 0.000010
0.284884 0.000010 0.000010 0.000010 0.000010 0.715056 0.000010 0.000010
0.332898 0.000010 0.000010 0.000010 0.000010 0.667042 0.000010 0.000010
0.305200 0.000010 0.000010 0.000010 0.000010 0.694740 0.000010 0.000010
0.297593 0.000010 0.000010 0.000010 0.000010 0.702347 0.000010 0.000010
0.284505 0.000010 0.000010 0.000010 0.000010 0.715435 0.000010 0.000010
0.273213 0.000010 0.000010 0.000010 0.000010 0.726456 0.000010 0.000281
0.288757 0.000010 0.000010 0.000010 0.000010 0.711183 0.000010 0.000010
0.299970 0.000010 0.000010 0.000010 0.000010 0.699970 0.000010 0.000010
0.331749 0.000010 0.000010 0.000010 0.000010 0.668191 0.000010 0.000010
0.266084 0.000010 0.000010 0.000010 0.000010 0.733856 0.000010 0.000010
0.286636 0.000010 0.000010 0.000010 0.007147 0.706167 0.000010 0.000010
0.319567 0.000010 0.000010 0.000010 0.000010 0.680373 0.000010 0.000010
0.996165 0.000010 0.000010 0.000010 0.000010 0.000010 0.000713 0.003072
0.982346 0.000010 0.005428 0.000010 0.000010 0.000010 0.012176 0.000010
0.918589 0.000010 0.000010 0.000010 0.000010 0.081351 0.000010 0.000010
0.992566 0.001339 0.000010 0.000010 0.000010 0.000010 0.000010 0.006045
0.897776 0.000010 0.000010 0.000010 0.000010 0.100623 0.000010 0.001551
0.999930 0.000010 0.000010 0.000010 0.000010 0.000010 0.000010 0.000010
0.982724 0.002059 0.006500 0.000010 0.000010 0.000010 0.000010 0.008678
0.946124 0.000010 0.000010 0.000010 0.000010 0.053816 0.000010 0.000010
0.934248 0.003763 0.000010 0.000010 0.000010 0.061939 0.000010 0.000010
0.873817 0.000010 0.000010 0.000010 0.000010 0.122377 0.000010 0.003756
0.992977 0.000980 0.000010 0.000010 0.000010 0.000010 0.004361 0.001642
0.762127 0.003624 0.000010 0.000010 0.000010 0.234199 0.000010 0.000010
0.976362 0.000010 0.000010 0.000010 0.023578 0.000010 0.000010 0.000010
0.967896 0.000010 0.002253 0.000010 0.000010 0.029802 0.000010 0.000010
0.926629 0.002910 0.000010 0.000010 0.000010 0.070411 0.000010 0.000010
0.997642 0.000010 0.000010 0.000010 0.000010 0.000010 0.000010 0.002298
0.999930 0.000010 0.000010 0.000010 0.000010 0.000010 0.000010 0.000010
0.999930 0.000010 0.000010 0.000010 0.000010 0.000010 0.000010 0.000010
0.999930 0.000010 0.000010 0.000010 0.000010 0.000010 0.000010 0.000010
0.999930 0.000010 0.000010 0.000010 0.000010 0.000010 0.000010 0.000010
0.977275 0.000010 0.000010 0.000010 0.000010 0.022665 0.000010 0.000010
0.994311 0.000010 0.000010 0.000010 0.005629 0.000010 0.000010 0.000010
0.999930 0.000010 0.000010 0.000010 0.000010 0.000010 0.000010 0.000010
0.890771 0.000010 0.001773 0.000010 0.000010 0.107406 0.000010 0.000010
0.955917 0.000010 0.002337 0.000010 0.000072 0.026405 0.002952 0.012297
0.997618 0.001941 0.000010 0.000010 0.000010 0.000010 0.000010 0.000391
0.913029 0.000010 0.000010 0.000010 0.000010 0.086911 0.000010 0.000010
0.782453 0.000010 0.000010 0.000010 0.000010 0.217487 0.000010 0.000010
0.863191 0.001486 0.000010 0.000010 0.008177 0.127106 0.000010 0.000010
0.999930 0.000010 0.000010 0.000010 0.000010 0.000010 0.000010 0.000010
0.993564 0.000010 0.000016 0.000010 0.006369 0.000010 0.000010 0.000010
0.885525 0.000010 0.000010 0.000010 0.000010 0.114414 0.000010 0.000010
0.999677 0.000263 0.000010 0.000010 0.000010 0.000010 0.000010 0.000010
0.888485 0.003141 0.000010 0.000010 0.000010 0.097163 0.005507 0.005674
0.999927 0.000013 0.000010 0.000010 0.000010 0.000010 0.000010 0.000010
0.999930 0.000010 0.000010 0.000010 0.000010 0.000010 0.000010 0.000010
0.999930 0.000010 0.000010 0.000010 0.000010 0.000010 0.000010 0.000010
0.997788 0.000012 0.002150 0.000010 0.000010 0.000010 0.000010 0.000010
0.999930 0.000010 0.000010 0.000010 0.000010 0.000010 0.000010 0.000010
0.993456 0.000010 0.006484 0.000010 0.000010 0.000010 0.000010 0.000010
0.984926 0.000010 0.000010 0.000010 0.000010 0.015014 0.000010 0.000010
0.911490 0.000010 0.000010 0.000010 0.000010 0.084640 0.000010 0.003820
0.926249 0.003248 0.000010 0.000010 0.000010 0.070453 0.000010 0.000010
0.935079 0.000010 0.000010 0.000010 0.000010 0.064861 0.000010 0.000010
0.868387 0.006071 0.000010 0.000010 0.000010 0.112840 0.000010 0.012662
0.896871 0.000010 0.000010 0.000010 0.000010 0.103069 0.000010 0.000010
0.973403 0.005124 0.004610 0.000010 0.000010 0.016823 0.000010 0.000010
0.997682 0.000010 0.000010 0.000010 0.000010 0.000010 0.000010 0.002258
0.849219 0.000010 0.000010 0.017089 0.000010 0.133642 0.000010 0.000010
0.999930 0.000010 0.000010 0.000010 0.000010 0.000010 0.000010 0.000010
0.908595 0.000010 0.014382 0.008461 0.001104 0.066909 0.000010 0.000528
0.716518 0.000010 0.000010 0.013406 0.013714 0.245800 0.000010 0.010532
0.995991 0.003949 0.000010 0.000010 0.000010 0.000010 0.000010 0.000010
0.999930 0.000010 0.000010 0.000010 0.000010 0.000010 0.000010 0.000010
0.689490 0.000010 0.000010 0.000010 0.004536 0.305924 0.000010 0.000010
0.999930 0.000010 0.000010 0.000010 0.000010 0.000010 0.000010 0.000010
0.912974 0.000010 0.000010 0.000010 0.000010 0.086966 0.000010 0.000010
0.997653 0.000010 0.000010 0.000010 0.000010 0.000010 0.000010 0.002287
0.709041 0.000010 0.000010 0.000010 0.000010 0.288165 0.000010 0.002744
0.999930 0.000010 0.000010 0.000010 0.000010 0.000010 0.000010 0.000010
0.978429 0.000010 0.000010 0.000010 0.000010 0.019071 0.000010 0.002450
0.857098 0.000010 0.000010 0.000010 0.000010 0.142842 0.000010 0.000010
0.919488 0.009267 0.000010 0.000010 0.000010 0.062615 0.000010 0.008590
0.929018 0.000010 0.000010 0.000010 0.000010 0.070922 0.000010 0.000010
0.991535 0.005415 0.000010 0.000010 0.000010 0.000010 0.003000 0.000010
0.850768 0.000010 0.000010 0.000010 0.000010 0.149172 0.000010 0.000010
0.955534 0.000010 0.000010 0.000010 0.000301 0.044114 0.000010 0.000010
0.999930 0.000010 0.000010 0.000010 0.000010 0.000010 0.000010 0.000010
0.964037 0.000010 0.000010 0.000010 0.007547 0.028366 0.000010 0.000010
0.929764 0.006505 0.000010 0.000010 0.000010 0.057484 0.000010 0.006207
0.999930 0.000010 0.000010 0.000010 0.000010 0.000010 0.000010 0.000010
0.971045 0.000010 0.000010 0.000010 0.020179 0.008727 0.000010 0.000010
0.881417 0.015702 0.000010 0.013048 0.000010 0.089793 0.000010 0.000010
0.997376 0.002564 0.000010 0.000010 0.000010 0.000010 0.000010 0.000010
0.999930 0.000010 0.000010 0.000010 0.000010 0.000010 0.000010 0.000010
0.997598 0.000010 0.000010 0.000010 0.000010 0.000010 0.000010 0.002342
0.973272 0.000010 0.000010 0.000010 0.014425 0.004574 0.000010 0.007688
0.987604 0.000010 0.000010 0.000010 0.000010 0.000010 0.012336 0.000010
0.996060 0.000010 0.000010 0.000010 0.000010 0.000010 0.000010 0.003880
0.917871 0.000010 0.000010 0.000010 0.000010 0.082068 0.000011 0.000010
0.861475 0.002039 0.053698 0.054650 0.000010 0.000010 0.028107 0.000010
0.999930 0.000010 0.000010 0.000010 0.000010 0.000010 0.000010 0.000010
0.937712 0.000010 0.000010 0.000010 0.011311 0.043797 0.000010 0.007140
0.714124 0.000010 0.000010 0.000010 0.000010 0.285816 0.000010 0.000010
0.989314 0.000010 0.000010 0.000010 0.000010 0.010626 0.000010 0.000010
0.999411 0.000529 0.000010 0.000010 0.000010 0.000010 0.000010 0.000010
0.999930 0.000010 0.000010 0.000010 0.000010 0.000010 0.000010 0.000010
0.999930 0.000010 0.000010 0.000010 0.000010 0.000010 0.000010 0.000010
0.000010 0.000010 0.570753 0.000010 0.000010 0.000010 0.429187 0.000010
0.000010 0.000010 0.573979 0.000010 0.000010 0.000010 0.425961 0.000010
0.000010 0.000010 0.588027 0.000010 0.000010 0.000010 0.411913 0.000010
0.000010 0.000010 0.627445 0.000010 0.000010 0.000010 0.372495 0.000010
0.000010 0.000010 0.530901 0.000010 0.000010 0.000010 0.469039 0.000010
0.000010 0.000010 0.576062 0.000010 0.000010 0.000010 0.423878 0.000010
0.000010 0.000010 0.604884 0.000010 0.000010 0.000010 0.395056 0.000010
0.000010 0.000010 0.541993 0.000010 0.000010 0.000010 0.457947 0.000010
0.000010 0.000010 0.595452 0.000010 0.000010 0.000010 0.404488 0.000010
0.000010 0.000010 0.572744 0.000010 0.000010 0.000010 0.427196 0.000010
0.000010 0.000010 0.593097 0.000010 0.000010 0.000010 0.406843 0.000010
0.000010 0.000010 0.575389 0.000010 0.000010 0.000010 0.424551 0.000010
0.000010 0.000010 0.609592 0.000010 0.000010 0.000010 0.390348 0.000010
0.000010 0.000010 0.608431 0.000010 0.000010 0.000010 0.391509 0.000010
0.000010 0.000010 0.570104 0.000010 0.000010 0.000010 0.429836 0.000010
0.000010 0.000010 0.567416 0.000018 0.000010 0.000010 0.432516 0.000010
0.000010 0.000010 0.560925 0.000010 0.000010 0.000010 0.439015 0.000010
0.000010 0.000010 0.584446 0.000010 0.000010 0.000010 0.415494 0.000010
0.000010 0.000010 0.570963 0.000010 0.000010 0.000010 0.428977 0.000010
0.000010 0.000010 0.579057 0.000010 0.000010 0.000010 0.420883 0.000010
0.000010 0.000010 0.603249 0.000010 0.000010 0.000010 0.396691 0.000010
0.000010 0.000010 0.592781 0.000010 0.000010 0.000010 0.407159 0.000010
0.000010 0.000010 0.557678 0.000010 0.000010 0.000010 0.442262 0.000010
0.000010 0.000010 0.619208 0.000010 0.000010 0.000010 0.380732 0.000010
0.000010 0.000010 0.564524 0.000010 0.000010 0.000010 0.435416 0.000010
0.000010 0.000010 0.566829 0.000010 0.000010 0.000010 0.433111 0.000010
0.000010 0.000010 0.529616 0.000010 0.000010 0.000010 0.470324 0.000010
0.000010 0.000010 0.525967 0.000010 0.000010 0.000010 0.473973 0.000010
0.000010 0.000010 0.571244 0.000010 0.000010 0.000010 0.428696 0.000010
0.000010 0.000010 0.573912 0.000010 0.000010 0.000010 0.426028 0.000010
0.000010 0.000010 0.543011 0.000010 0.000010 0.000010 0.456929 0.000010
0.000010 0.000010 0.634577 0.000010 0.000010 0.000010 0.365363 0.000010
0.000010 0.000010 0.567437 0.000010 0.000010 0.000010 0.432503 0.000010
0.000013 0.000010 0.546238 0.000010 0.000012 0.000010 0.453697 0.000010
0.000010 0.000010 0.643701 0.000010 0.000010 0.000010 0.356239 0.000010
0.000010 0.000010 0.646066 0.000010 0.000010 0.000010 0.353874 0.000010
0.000010 0.000010 0.520569 0.000010 0.000010 0.000014 0.479367 0.000010
0.000010 0.000010 0.585086 0.000010 0.000010 0.000010 0.414854 0.000010
0.000010 0.000010 0.575763 0.000010 0.000012 0.000010 0.424175 0.000010
0.000010 0.000010 0.581345 0.000010 0.000010 0.000010 0.418595 0.000010
0.000010 0.000010 0.636554 0.000011 0.000010 0.000010 0.363385 0.000010
0.000010 0.000010 0.644969 0.000010 0.000010 0.000010 0.354971 0.000010
0.012409 0.162107 0.000010 0.000010 0.000010 0.723464 0.000010 0.101979
0.000010 0.198807 0.000010 0.000010 0.000010 0.607856 0.000010 0.193288
0.000010 0.136704 0.000010 0.000010 0.000010 0.778842 0.000010 0.084404
0.000010 0.000010 0.560266 0.000010 0.000010 0.000010 0.439674 0.000010
0.000010 0.000010 0.548740 0.000010 0.000010 0.000010 0.451200 0.000010
0.000010 0.000010 0.456546 0.000010 0.000010 0.000010 0.543394 0.000010
0.000010 0.000010 0.549113 0.000010 0.000010 0.000010 0.450827 0.000010
0.000010 0.000010 0.611721 0.000010 0.000010 0.000010 0.388219 0.000010
0.000010 0.000010 0.565467 0.000010 0.000010 0.000010 0.434473 0.000010
0.000010 0.000010 0.507507 0.000010 0.000010 0.000010 0.492433 0.000010
0.000010 0.000010 0.522041 0.000010 0.000010 0.000010 0.477899 0.000010
0.000010 0.000010 0.699705 0.000010 0.000010 0.000010 0.300235 0.000010
0.000010 0.000010 0.517980 0.000010 0.000010 0.000010 0.481960 0.000010
0.000010 0.000010 0.525180 0.000010 0.000010 0.000010 0.474760 0.000010
0.000010 0.000010 0.632721 0.000010 0.000010 0.000010 0.366410 0.000819
0.000010 0.000010 0.298920 0.000010 0.000010 0.000015 0.701014 0.000010
0.000010 0.000010 0.517070 0.000010 0.000010 0.000010 0.482870 0.000010
0.000010 0.000010 0.565619 0.000010 0.000010 0.000010 0.434321 0.000010
0.000010 0.000010 0.556908 0.000010 0.000010 0.000010 0.443032 0.000010
0.000010 0.000010 0.567411 0.000010 0.000010 0.000010 0.432529 0.000010
0.000010 0.000010 0.465774 0.000010 0.000010 0.000010 0.534166 0.000010
0.000010 0.000010 0.548976 0.000010 0.000010 0.000010 0.450964 0.000010
0.000010 0.000010 0.585590 0.000017 0.000010 0.000010 0.414343 0.000010
0.000010 0.000010 0.507382 0.000010 0.000010 0.000010 0.492558 0.000010
0.000010 0.000010 0.538531 0.000010 0.000010 0.000010 0.461409 0.000010
0.000010 0.000010 0.559490 0.000010 0.000010 0.000010 0.440450 0.000010
0.000014 0.000010 0.522854 0.000010 0.000010 0.000010 0.477082 0.000010
0.000010 0.000010 0.563857 0.000010 0.000010 0.000010 0.436083 0.000010
0.000010 0.000010 0.596131 0.000010 0.000010 0.000010 0.403809 0.000010
0.000010 0.000010 0.552933 0.000010 0.000010 0.000010 0.447007 0.000010
0.000010 0.000010 0.551662 0.000010 0.000010 0.000010 0.448278 0.000010
0.000010 0.000010 0.645989 0.000010 0.000010 0.000010 0.353951 0.000010
0.000010 0.000010 0.557759 0.000010 0.000010 0.000010 0.442181 0.000010
0.000010 0.000010 0.595748 0.000010 0.000010 0.000010 0.404192 0.000010
0.000010 0.000010 0.545998 0.000010 0.000010 0.000010 0.453942 0.000010
0.000010 0.000010 0.575680 0.000010 0.000010 0.000010 0.424260 0.000010
0.000010 0.000010 0.522039 0.000010 0.000010 0.000010 0.477901 0.000010
0.000010 0.000010 0.567006 0.000010 0.000010 0.000010 0.432934 0.000010
0.000010 0.144767 0.000010 0.000010 0.000010 0.693611 0.000010 0.161572
0.000010 0.162763 0.000010 0.000010 0.000010 0.655957 0.000010 0.181230
0.000010 0.126892 0.000010 0.000010 0.000010 0.787125 0.000010 0.085933
0.000010 0.174760 0.002428 0.000010 0.005860 0.729717 0.000010 0.087205
0.000010 0.000010 0.736978 0.000010 0.000010 0.000010 0.262962 0.000010
0.000010 0.000010 0.702308 0.000010 0.000010 0.000010 0.297632 0.000010
0.000010 0.000010 0.700965 0.000010 0.000010 0.000010 0.298975 0.000010
0.000010 0.000010 0.640468 0.000010 0.000010 0.000010 0.359472 0.000010
0.000010 0.000010 0.681397 0.000010 0.000010 0.000010 0.318543 0.000010
0.000010 0.000010 0.714432 0.000010 0.000010 0.000010 0.285508 0.000010
0.000010 0.000010 0.669756 0.000010 0.000010 0.000010 0.330184 0.000010
0.000010 0.000010 0.749726 0.000010 0.000010 0.000010 0.250214 0.000010
0.000010 0.000010 0.697364 0.000010 0.000010 0.000010 0.302576 0.000010
0.000010 0.000010 0.738936 0.000010 0.000010 0.000010 0.261004 0.000010
0.000010 0.000010 0.684683 0.000010 0.000010 0.000010 0.315257 0.000010
0.000010 0.000010 0.682878 0.000010 0.000010 0.000010 0.317062 0.000010
0.000010 0.000010 0.671211 0.000010 0.000010 0.000010 0.328729 0.000010
0.000010 0.000010 0.706212 0.000010 0.000010 0.000010 0.293728 0.000010
0.000010 0.000010 0.730329 0.000010 0.000010 0.000010 0.269611 0.000010
0.000010 0.000010 0.734562 0.000010 0.000010 0.000010 0.265378 0.000010
0.000010 0.000010 0.720914 0.000010 0.000010 0.000010 0.279026 0.000010
0.000010 0.000010 0.720245 0.000010 0.000010 0.000010 0.279695 0.000010
0.000010 0.000010 0.711961 0.000010 0.000010 0.000011 0.287979 0.000010
0.000010 0.000010 0.691434 0.000010 0.000010 0.000010 0.308506 0.000010
0.000010 0.000010 0.677973 0.000010 0.000010 0.000010 0.321967 0.000010
0.000010 0.000010 0.683513 0.000010 0.000010 0.000010 0.316427 0.000010
0.000010 0.000010 0.699214 0.000010 0.000010 0.000010 0.300726 0.000010
0.000010 0.000010 0.679064 0.000010 0.000010 0.000010 0.320876 0.000010
0.000010 0.000010 0.705688 0.000010 0.000010 0.000010 0.294252 0.000010
0.000010 0.000010 0.702659 0.000010 0.000010 0.000010 0.297281 0.000010
0.000010 0.000010 0.735085 0.000010 0.000010 0.000010 0.264855 0.000010
0.000010 0.000010 0.689044 0.000010 0.000010 0.000010 0.310896 0.000010
0.018498 0.087062 0.000010 0.000010 0.000010 0.860234 0.000010 0.034165
0.000010 0.145065 0.000010 0.000010 0.007141 0.782707 0.000010 0.065046
0.000010 0.215969 0.000010 0.000010 0.000010 0.671335 0.000010 0.112646
0.039016 0.124207 0.000010 0.000010 0.000010 0.775490 0.000010 0.061247
0.014324 0.111040 0.000010 0.000010 0.004522 0.784995 0.000010 0.085089
0.124052 0.066328 0.000010 0.000010 0.000010 0.754589 0.000010 0.054991
0.000010 0.165071 0.000010 0.000010 0.000010 0.715641 0.000010 0.119238
0.000010 0.062912 0.000010 0.000010 0.010798 0.858228 0.000010 0.068021
0.000010 0.237713 0.000010 0.000010 0.000010 0.652689 0.000010 0.109548
0.000010 0.000010 0.999930 0.000010 0.000010 0.000010 0.000010 0.000010
0.000010 0.000010 0.999930 0.000010 0.000010 0.000010 0.000010 0.000010
0.000010 0.000010 0.999930 0.000010 0.000010 0.000010 0.000010 0.000010
0.000010 0.000010 0.999930 0.000010 0.000010 0.000010 0.000010 0.000010
0.000010 0.000010 0.999930 0.000010 0.000010 0.000010 0.000010 0.000010
0.000010 0.000010 0.998249 0.000010 0.000010 0.000010 0.001691 0.000010
0.000010 0.000010 0.999930 0.000010 0.000010 0.000010 0.000010 0.000010
0.000010 0.000010 0.999930 0.000010 0.000010 0.000010 0.000010 0.000010
0.000010 0.000010 0.963923 0.000010 0.000010 0.000010 0.036017 0.000010
0.000010 0.000010 0.935364 0.000010 0.000010 0.000010 0.064576 0.000010
0.000010 0.000010 0.999930 0.000010 0.000010 0.000010 0.000010 0.000010
0.000010 0.000010 0.999930 0.000010 0.000010 0.000010 0.000010 0.000010
0.000010 0.000010 0.999930 0.000010 0.000010 0.000010 0.000010 0.000010
0.000010 0.000010 0.999930 0.000010 0.000010 0.000010 0.000010 0.000010
0.000010 0.000010 0.999930 0.000010 0.000010 0.000010 0.000010 0.000010
0.023672 0.104816 0.000010 0.000010 0.003678 0.778468 0.000010 0.089337
0.000010 0.156195 0.000010 0.000010 0.005274 0.718631 0.000010 0.119860
0.000010 0.151442 0.000010 0.000010 0.000010 0.613537 0.000010 0.234971
0.000010 0.217584 0.007728 0.000010 0.000444 0.558313 0.000010 0.215901
0.000010 0.194938 0.001433 0.000010 0.000010 0.576159 0.000010 0.227430
0.000010 0.180090 0.000010 0.000010 0.006528 0.747547 0.000010 0.065795
0.000010 0.135524 0.000010 0.000010 0.000010 0.729679 0.000010 0.134747
0.000010 0.174390 0.003199 0.000010 0.022563 0.669848 0.000010 0.129970
0.000010 0.132750 0.000010 0.000010 0.000010 0.774989 0.000010 0.092212
0.000010 0.156699 0.000010 0.000010 0.000010 0.768149 0.000010 0.075102
0.000010 0.138219 0.000010 0.000010 0.000010 0.496507 0.000010 0.365224
0.000010 0.128562 0.001046 0.000010 0.000010 0.689895 0.000010 0.180457
0.012036 0.153073 0.000010 0.000010 0.008959 0.753899 0.000010 0.072003
0.000010 0.154575 0.000010 0.000010 0.000010 0.762346 0.000010 0.083029
0.000010 0.182355 0.000010 0.000010 0.000010 0.728208 0.000010 0.089386
0.000010 0.160575 0.000010 0.000010 0.001245 0.781588 0.000010 0.056551
0.000010 0.144422 0.000010 0.000010 0.001529 0.760377 0.000010 0.093633
0.000010 0.162906 0.000010 0.000010 0.015393 0.743346 0.000010 0.078315
0.020421 0.067895 0.000010 0.000010 0.002150 0.808984 0.000010 0.100521
0.000010 0.192416 0.000010 0.000010 0.000010 0.614508 0.000010 0.193026
0.000010 0.140536 0.000010 0.000010 0.007304 0.688197 0.000010 0.163922
0.000010 0.214147 0.000010 0.000010 0.000010 0.680976 0.000010 0.104827
0.000010 0.171794 0.000010 0.000010 0.000010 0.617714 0.000010 0.210442
0.000010 0.174186 0.000010 0.000010 0.000010 0.718457 0.000010 0.107307
0.012895 0.140858 0.000010 0.000010 0.005561 0.708520 0.000010 0.132136
0.000010 0.206356 0.000010 0.000010 0.000010 0.660698 0.000010 0.132896
0.000010 0.120605 0.000010 0.000010 0.026786 0.662102 0.000010 0.190467
0.000010 0.161632 0.000010 0.000010 0.012032 0.674487 0.000010 0.151809
0.000010 0.139923 0.000010 0.000010 0.000010 0.600515 0.000010 0.259512
0.004507 0.147662 0.000470 0.000010 0.008406 0.701167 0.000010 0.137769
0.000010 0.155678 0.000010 0.000010 0.004057 0.734815 0.000010 0.105410
0.000010 0.174951 0.000010 0.000010 0.000010 0.723014 0.000010 0.101985
0.000010 0.154243 0.000010 0.000010 0.000010 0.749581 0.000010 0.096126
0.000010 0.196832 0.000010 0.000010 0.000010 0.634935 0.000010 0.168183
0.000010 0.141236 0.000010 0.000010 0.006286 0.684474 0.000010 0.167963
0.000010 0.132830 0.000010 0.000010 0.008610 0.759702 0.000010 0.098818
0.032027 0.095500 0.000010 0.000010 0.000010 0.782938 0.000010 0.089495
0.000010 0.142588 0.000010 0.000010 0.000010 0.616837 0.000010 0.240525
0.034903 0.068727 0.000010 0.000010 0.000010 0.243196 0.000010 0.653133
0.000010 0.162218 0.000010 0.000010 0.000010 0.707804 0.000010 0.129929
0.000010 0.163960 0.000010 0.000010 0.000010 0.726888 0.000010 0.109102
0.000010 0.091545 0.000010 0.000010 0.000010 0.879110 0.000010 0.029295
0.000010 0.317735 0.000010 0.000010 0.000010 0.664925 0.000010 0.017290
0.000010 0.142540 0.000010 0.000010 0.000010 0.831186 0.000010 0.026224
0.000010 0.317246 0.000010 0.000010 0.028035 0.593082 0.000010 0.061598
0.000010 0.252372 0.000010 0.000010 0.005115 0.672806 0.000010 0.069666
0.000010 0.318725 0.000010 0.000010 0.000010 0.533863 0.000010 0.147363
0.000010 0.280492 0.000010 0.000010 0.000010 0.615961 0.000010 0.103497
0.000010 0.279762 0.000010 0.000010 0.008117 0.646189 0.000010 0.065892
0.000010 0.289575 0.000010 0.000010 0.002545 0.646442 0.000010 0.061399
0.000010 0.175604 0.000010 0.000010 0.000010 0.792618 0.000010 0.031728
0.006605 0.236682 0.000010 0.000010 0.000010 0.628297 0.000010 0.128376
0.000010 0.296071 0.000010 0.000010 0.000010 0.610537 0.000010 0.093342
0.000010 0.387813 0.000010 0.000010 0.000010 0.579983 0.000010 0.032154
0.002604 0.322077 0.000010 0.000010 0.000010 0.490627 0.000010 0.184653
0.000010 0.301465 0.000010 0.000010 0.000010 0.651817 0.000010 0.046668
0.000010 0.400729 0.000010 0.000010 0.003060 0.402573 0.000010 0.193598
0.004197 0.284817 0.000010 0.000010 0.013327 0.636309 0.000010 0.061320
0.000010 0.479941 0.000010 0.000010 0.000010 0.400678 0.000010 0.119331
0.000010 0.180217 0.002600 0.000010 0.002611 0.618532 0.000010 0.196010
0.000010 0.191431 0.000010 0.002185 0.000010 0.683996 0.000010 0.122348
0.000010 0.144079 0.000010 0.000010 0.000010 0.749924 0.000010 0.105947
0.000010 0.153486 0.000010 0.000010 0.000010 0.614989 0.000010 0.231475
0.000010 0.058198 0.000010 0.000010 0.047567 0.850601 0.000010 0.043594
0.000010 0.167269 0.002805 0.000010 0.013456 0.691022 0.000010 0.125418
0.008984 0.164248 0.000010 0.000010 0.000010 0.630633 0.000010 0.196096
0.000010 0.063532 0.003395 0.000010 0.000010 0.846704 0.000010 0.086330
0.000010 0.137852 0.006753 0.000010 0.000010 0.774377 0.000010 0.080978
0.000010 0.167969 0.000010 0.000010 0.002192 0.736694 0.000010 0.093106
0.000010 0.202760 0.000010 0.000010 0.012830 0.708195 0.000010 0.076174
0.000010 0.171635 0.000010 0.000010 0.012847 0.679731 0.000010 0.135748
0.000010 0.186474 0.000010 0.000010 0.000010 0.691494 0.000010 0.121982
0.000010 0.261668 0.000010 0.000010 0.000010 0.548283 0.000010 0.189999
0.000010 0.232479 0.000010 0.000010 0.000010 0.537523 0.000010 0.229949
0.000010 0.235859 0.000010 0.000010 0.000010 0.589261 0.000010 0.174829
0.006264 0.207589 0.000010 0.000010 0.004161 0.692723 0.000010 0.089234
0.000010 0.151505 0.000010 0.000010 0.000010 0.774835 0.000010 0.073609
0.000010 0.146434 0.000010 0.000010 0.000010 0.651773 0.000010 0.201743
0.000010 0.106222 0.000010 0.000010 0.023112 0.823581 0.000010 0.047045
0.000010 0.141340 0.000010 0.000010 0.004942 0.726718 0.000010 0.126959
0.000010 0.133163 0.000010 0.000010 0.008210 0.729872 0.000010 0.128715
0.009420 0.079122 0.000010 0.000010 0.005079 0.217774 0.000010 0.688575
0.047325 0.059407 0.000010 0.022663 0.000010 0.352506 0.000010 0.518069
0.000010 0.176545 0.000010 0.000010 0.000010 0.613046 0.000010 0.210359
0.000010 0.118888 0.000010 0.000010 0.016179 0.750409 0.000010 0.114484
0.009988 0.328473 0.000010 0.000010 0.000010 0.571817 0.000010 0.089683
0.017787 0.285931 0.000010 0.000010 0.000010 0.668519 0.000010 0.027723
0.000010 0.242673 0.000010 0.000010 0.000010 0.710622 0.000010 0.046654
0.000014 0.302774 0.000010 0.000010 0.000010 0.505854 0.000010 0.191317
0.000010 0.193625 0.000010 0.000010 0.000010 0.792732 0.000010 0.013593
0.000010 0.309757 0.000010 0.000010 0.000010 0.663472 0.000010 0.026721
0.000010 0.137430 0.000010 0.000010 0.000010 0.819456 0.000010 0.043064
0.000010 0.337199 0.000010 0.000010 0.000010 0.516148 0.000010 0.146603
0.003968 0.277982 0.000010 0.000010 0.000010 0.645337 0.000010 0.072673
0.006945 0.278098 0.000010 0.000010 0.000010 0.624844 0.000010 0.090073
0.000010 0.331650 0.000010 0.000010 0.017830 0.466011 0.000010 0.184469
0.000010 0.046625 0.000010 0.000010 0.000010 0.934133 0.000010 0.019192
0.000010 0.378587 0.000010 0.000010 0.000010 0.603003 0.000010 0.018360
0.000010 0.294532 0.000010 0.000010 0.000010 0.677653 0.000010 0.027765
0.000010 0.284115 0.000010 0.000010 0.000010 0.684467 0.000010 0.031369
0.000010 0.239914 0.000010 0.000010 0.001551 0.680089 0.000010 0.078406
0.000010 0.150462 0.000010 0.004639 0.000010 0.591416 0.000010 0.253443
0.000010 0.207771 0.000010 0.000010 0.002065 0.657783 0.000010 0.132340
0.000010 0.195453 0.000010 0.000010 0.020242 0.653623 0.000010 0.130642
0.007141 0.195882 0.000010 0.000010 0.000010 0.635851 0.000010 0.161086
0.000010 0.173150 0.000010 0.000010 0.000010 0.590083 0.000010 0.236718
0.000010 0.100854 0.000010 0.000256 0.019825 0.779474 0.000010 0.099561
0.000010 0.149049 0.000010 0.000010 0.002007 0.706283 0.000010 0.142621
0.000010 0.172564 0.000010 0.000010 0.000010 0.704616 0.000010 0.122770
0.000010 0.109495 0.000010 0.000010 0.000010 0.744312 0.000010 0.146143
0.000010 0.202701 0.000010 0.000010 0.000010 0.676491 0.000010 0.120757
0.327376 0.000010 0.000010 0.000010 0.000010 0.672564 0.000010 0.000010
0.028343 0.628646 0.000010 0.000013 0.016559 0.318139 0.000010 0.008281
0.000156 0.235919 0.000010 0.004984 0.004266 0.396206 0.000010 0.358449
0.034228 0.436063 0.000010 0.000010 0.000010 0.489330 0.000010 0.040339
0.000010 0.253328 0.000010 0.000010 0.000010 0.683591 0.000010 0.063031
0.000010 0.420659 0.000010 0.000010 0.000010 0.526477 0.000010 0.052814
0.000015 0.415013 0.000010 0.000010 0.000010 0.502666 0.000010 0.082265
0.000010 0.311217 0.000010 0.000010 0.000010 0.667380 0.000010 0.021352
0.000010 0.215459 0.003113 0.000010 0.003348 0.746242 0.000010 0.031808
0.000010 0.175850 0.000010 0.000010 0.000010 0.798687 0.000010 0.025413
0.021656 0.319547 0.000010 0.000010 0.012829 0.576730 0.000010 0.069208
0.000010 0.329350 0.000010 0.000010 0.000010 0.651318 0.000010 0.019282
0.000010 0.279199 0.000010 0.000010 0.000010 0.666880 0.000010 0.053871
0.000010 0.257571 0.000010 0.000010 0.013745 0.663769 0.000010 0.064875
0.021802 0.246192 0.000010 0.009140 0.000010 0.595267 0.002287 0.125293
0.000010 0.334397 0.002027 0.000010 0.000010 0.480415 0.000010 0.183121
0.036420 0.294549 0.000010 0.000010 0.000010 0.522155 0.000010 0.146836
0.000010 0.285918 0.016793 0.000010 0.000010 0.588930 0.000010 0.108318
0.000010 0.548038 0.000010 0.000010 0.000010 0.316490 0.000010 0.135422
0.000010 0.330585 0.000010 0.000010 0.000010 0.617152 0.000010 0.052213
0.000010 0.287973 0.000010 0.000010 0.000010 0.684379 0.000010 0.027598
0.000010 0.332727 0.000010 0.000010 0.009750 0.509441 0.000010 0.148043
0.000010 0.334753 0.000010 0.000010 0.000010 0.559434 0.000010 0.105763
0.000010 0.403471 0.000010 0.000010 0.000010 0.550064 0.000010 0.046414
0.000010 0.267179 0.000010 0.000010 0.000010 0.696885 0.000010 0.035886
0.000010 0.248282 0.000010 0.000010 0.000010 0.685315 0.000010 0.066354
0.000010 0.152778 0.000010 0.000010 0.000294 0.782488 0.000010 0.064401
0.000010 0.327350 0.000010 0.000010 0.000010 0.389271 0.000010 0.283328
0.000013 0.207342 0.000010 0.000010 0.004180 0.610322 0.000010 0.178114
0.000010 0.142278 0.000010 0.000010 0.012019 0.629443 0.000010 0.216220
0.000010 0.139009 0.000010 0.000010 0.000010 0.776264 0.000010 0.084677
0.000010 0.227098 0.000010 0.000010 0.007932 0.577373 0.000010 0.187557
0.000010 0.182883 0.000010 0.000010 0.015655 0.630273 0.000010 0.171149
0.000010 0.190634 0.000010 0.000737 0.000010 0.635026 0.000010 0.173563
0.000010 0.183769 0.002896 0.000010 0.000010 0.644340 0.000010 0.168955
0.000010 0.133853 0.000010 0.000010 0.001783 0.749289 0.000010 0.115035
0.000010 0.234698 0.000010 0.000010 0.007799 0.660353 0.000010 0.097110
0.000010 0.216524 0.000010 0.000010 0.009444 0.621185 0.000010 0.152807
0.000010 0.192090 0.000010 0.000010 0.000286 0.660346 0.000010 0.147238
0.000010 0.290026 0.000010 0.032544 0.000010 0.568806 0.000010 0.108585
0.000010 0.265637 0.000010 0.000010 0.004226 0.696286 0.000010 0.033811
0.000010 0.560237 0.000010 0.000010 0.004299 0.386396 0.000010 0.049028
0.000010 0.128055 0.000010 0.000010 0.000010 0.852475 0.000010 0.019420
0.005331 0.048004 0.000010 0.000010 0.000010 0.915547 0.000010 0.031077
0.001231 0.250887 0.000010 0.000010 0.000010 0.568805 0.000010 0.179037
0.000010 0.435505 0.000010 0.000010 0.011238 0.519634 0.000010 0.033583
0.000010 0.615978 0.000010 0.000010 0.000010 0.323564 0.000010 0.060408
0.018168 0.309230 0.000010 0.000010 0.010930 0.555297 0.000010 0.106344
0.001724 0.268297 0.000010 0.000010 0.009532 0.645407 0.000010 0.075011
0.000010 0.439423 0.000010 0.000010 0.000010 0.518370 0.000010 0.042157
0.000010 0.411441 0.000010 0.000010 0.000010 0.527668 0.000010 0.060841
0.000010 0.450263 0.000010 0.000010 0.000010 0.507867 0.000010 0.041820
0.021271 0.402712 0.000010 0.000010 0.000010 0.392483 0.000010 0.183494
0.002690 0.334680 0.000144 0.000010 0.000010 0.368807 0.000010 0.293650
0.000010 0.337997 0.000010 0.000010 0.000010 0.470409 0.000010 0.191543
0.000010 0.196825 0.000010 0.000010 0.000010 0.784798 0.000010 0.018328
0.000010 0.204260 0.000010 0.000010 0.005131 0.770396 0.000010 0.020173
0.000010 0.380796 0.000010 0.000010 0.000010 0.566977 0.000010 0.052177
0.032986 0.171244 0.000010 0.000010 0.000010 0.766166 0.000010 0.029565
0.000010 0.139122 0.000010 0.000010 0.006808 0.815357 0.000010 0.038673
0.000010 0.289839 0.000010 0.000010 0.000010 0.337632 0.000010 0.372479
0.000010 0.386954 0.000010 0.021544 0.005732 0.546448 0.000010 0.039293
0.000010 0.159759 0.000287 0.000010 0.000010 0.685974 0.000010 0.153940
0.000010 0.152555 0.000010 0.000010 0.005931 0.824422 0.000010 0.017052
0.000010 0.175730 0.000010 0.000010 0.000010 0.795618 0.000010 0.028602
0.000010 0.228540 0.000010 0.000010 0.014223 0.722567 0.000010 0.034630
0.000010 0.440113 0.000010 0.000010 0.002864 0.461900 0.000010 0.095083
0.000010 0.408200 0.004161 0.000010 0.000010 0.458421 0.000010 0.129177
0.011946 0.396461 0.000010 0.000010 0.000010 0.537376 0.000010 0.054176
0.000010 0.384804 0.000010 0.000010 0.000010 0.560385 0.000010 0.054760
0.013478 0.000192 0.005127 0.000010 0.000010 0.956969 0.000010 0.024204
0.102290 0.000010 0.000010 0.000010 0.000010 0.862285 0.000010 0.035376
0.034300 0.000010 0.000010 0.000010 0.002166 0.953647 0.000010 0.009847
0.080842 0.002837 0.002380 0.000010 0.000010 0.895344 0.000010 0.018567
0.041550 0.000010 0.000010 0.000010 0.011795 0.910357 0.000010 0.036257
0.032823 0.001027 0.000010 0.000010 0.005475 0.938541 0.000010 0.022104
0.000010 0.000010 0.000010 0.000010 0.000010 0.971127 0.000010 0.028813
0.038598 0.000010 0.000010 0.000010 0.000010 0.944623 0.000010 0.016729
0.061254 0.000010 0.000010 0.000010 0.000010 0.927972 0.000010 0.010725
0.041389 0.007669 0.000010 0.000010 0.000010 0.945114 0.000010 0.005788
0.045614 0.000010 0.000010 0.000010 0.000010 0.954326 0.000010 0.000010
0.056460 0.000010 0.000010 0.000010 0.000010 0.943480 0.000010 0.000010
0.049145 0.000010 0.000010 0.000010 0.000010 0.950795 0.000010 0.000010
0.093003 0.000010 0.000010 0.000010 0.000010 0.904959 0.000010 0.001987
0.060585 0.000010 0.000010 0.000010 0.000010 0.938765 0.000010 0.000600
0.096285 0.000010 0.000010 0.000010 0.000010 0.903655 0.000010 0.000010
0.065737 0.000010 0.000010 0.000010 0.001620 0.910433 0.000010 0.022169
0.063188 0.000010 0.000010 0.000010 0.015968 0.892137 0.000010 0.028667
0.008111 0.000010 0.000010 0.000010 0.000010 0.957147 0.000010 0.034691
0.027501 0.000010 0.000010 0.000010 0.000010 0.942361 0.000010 0.030088
0.087335 0.000010 0.000010 0.000010 0.005189 0.879374 0.000010 0.028061
0.036049 0.000010 0.000010 0.000010 0.000010 0.933635 0.000010 0.030266
0.086883 0.000010 0.000010 0.000010 0.000010 0.895903 0.000010 0.017164
0.033504 0.000010 0.000010 0.000010 0.000010 0.948903 0.000010 0.017543
0.000010 0.234388 0.000010 0.000010 0.000010 0.697471 0.000010 0.068090
0.016008 0.249921 0.000010 0.000010 0.000010 0.343650 0.000010 0.390381
0.000010 0.350465 0.006903 0.028279 0.005718 0.372256 0.000010 0.236360
0.000010 0.749652 0.000010 0.000010 0.000010 0.244182 0.000010 0.006116
0.000010 0.504604 0.000010 0.000010 0.000010 0.468489 0.000010 0.026857
0.010067 0.731050 0.000010 0.000010 0.000010 0.258490 0.000010 0.000354
0.000010 0.999930 0.000010 0.000010 0.000010 0.000010 0.000010 0.000010
0.000010 0.480188 0.000010 0.000010 0.000010 0.445577 0.000010 0.074185
0.000010 0.669291 0.000010 0.000010 0.000288 0.316287 0.000010 0.014094
0.044271 0.000010 0.000010 0.138797 0.721861 0.095030 0.000010 0.000010
0.037818 0.003708 0.000010 0.221518 0.668537 0.063675 0.000010 0.004723
0.023165 0.000010 0.000010 0.214967 0.658845 0.097978 0.000010 0.005015
0.026088 0.000010 0.000010 0.258923 0.629887 0.085062 0.000010 0.000010
0.000010 0.000010 0.909603 0.000010 0.000010 0.000010 0.090337 0.000010
0.000010 0.000010 0.930469 0.000010 0.003793 0.000010 0.059152 0.006545
0.000010 0.000010 0.946110 0.000010 0.000010 0.000010 0.053830 0.000010
0.000010 0.000010 0.954312 0.000010 0.000010 0.000010 0.041680 0.003958
