0.000010 0.000010 0.683408 0.000010 0.000010 0.316542 0.000010
0.000010 0.000010 0.659598 0.000010 0.000010 0.340352 0.000010
0.000010 0.000010 0.656745 0.000010 0.000010 0.343205 0.000010
0.000010 0.000010 0.658161 0.000010 0.000010 0.341789 0.000010
0.000010 0.000010 0.670985 0.001146 0.000010 0.327828 0.000010
0.000010 0.000010 0.643117 0.000010 0.000010 0.356833 0.000010
0.000010 0.000010 0.668462 0.000010 0.000010 0.331488 0.000010
0.000010 0.000010 0.658027 0.000010 0.000010 0.341923 0.000010
0.000010 0.000010 0.696976 0.000010 0.000010 0.302974 0.000010
0.000010 0.000010 0.677613 0.000423 0.009578 0.312356 0.000010
0.000010 0.000010 0.625273 0.000010 0.000010 0.374677 0.000010
0.000010 0.000010 0.618804 0.000010 0.000010 0.381146 0.000010
0.000010 0.000010 0.639127 0.000010 0.000010 0.360823 0.000010
0.000010 0.000010 0.615373 0.000010 0.000010 0.384577 0.000010
0.000010 0.000010 0.597136 0.005961 0.006635 0.390238 0.000010
0.000010 0.000010 0.598522 0.000010 0.000010 0.401428 0.000010
0.000010 0.000010 0.663756 0.000010 0.000010 0.336194 0.000010
0.000010 0.000010 0.648564 0.000010 0.000010 0.351386 0.000010
0.000010 0.000010 0.683949 0.000010 0.008622 0.307389 0.000010
0.000010 0.000010 0.696316 0.000010 0.000010 0.303634 0.000010
0.000013 0.000010 0.650118 0.000010 0.000010 0.349829 0.000010
0.000010 0.000010 0.620208 0.000010 0.010342 0.369410 0.000010
0.000010 0.000010 0.665443 0.000010 0.000010 0.334507 0.000010
0.000010 0.000010 0.654181 0.001260 0.000010 0.344520 0.000010
0.000010 0.000010 0.616874 0.000010 0.000010 0.383076 0.000010
0.000010 0.000010 0.640755 0.000010 0.000010 0.359195 0.000010
0.000010 0.000010 0.657315 0.000010 0.000010 0.342635 0.000010
0.000010 0.000010 0.561605 0.000010 0.000010 0.438345 0.000010
0.000010 0.000010 0.658974 0.000010 0.000010 0.340976 0.000010
0.000010 0.000010 0.702892 0.000010 0.000010 0.297058 0.000010
0.000010 0.000010 0.687283 0.001875 0.000010 0.310802 0.000010
0.000010 0.000010 0.633319 0.000010 0.000010 0.366631 0.000010
0.000010 0.000010 0.703373 0.000010 0.000010 0.296577 0.000010
0.000010 0.000010 0.679017 0.004315 0.000010 0.316628 0.000010
0.000010 0.000010 0.675782 0.000010 0.000010 0.324168 0.000010
0.000010 0.000010 0.672668 0.000010 0.000010 0.327282 0.000010
0.000010 0.000010 0.652236 0.001629 0.000010 0.346095 0.000010
0.000010 0.000010 0.628036 0.002825 0.000010 0.369099 0.000010
0.000010 0.000010 0.635081 0.001732 0.001930 0.361228 0.000010
0.000010 0.000010 0.671602 0.002598 0.000010 0.325759 0.000010
0.000010 0.000010 0.683252 0.000010 0.000010 0.316698 0.000010
0.000010 0.000010 0.715623 0.004066 0.000010 0.280272 0.000010
0.000010 0.000010 0.655688 0.000010 0.000010 0.344262 0.000010
0.000010 0.000010 0.645112 0.000010 0.005135 0.349401 0.000321
0.000010 0.000010 0.693122 0.000010 0.002064 0.304774 0.000010
0.000010 0.000010 0.698367 0.000010 0.000010 0.301583 0.000010
0.000010 0.000010 0.704364 0.000010 0.000010 0.295586 0.000010
0.000010 0.000010 0.709399 0.000387 0.000010 0.290173 0.000010
0.000010 0.000010 0.678289 0.000010 0.000010 0.321661 0.000010
0.000010 0.000010 0.657110 0.000010 0.000010 0.342840 0.000010
0.000010 0.000010 0.665614 0.000010 0.000010 0.334336 0.000010
0.000010 0.000010 0.676384 0.007050 0.000010 0.316527 0.000010
0.000010 0.000010 0.684784 0.000010 0.000010 0.315166 0.000010
0.000010 0.000010 0.659597 0.000010 0.000010 0.340353 0.000010
0.000010 0.000010 0.650558 0.002708 0.000010 0.346694 0.000010
0.000010 0.000010 0.695538 0.000010 0.000010 0.304412 0.000010
0.000010 0.000010 0.663439 0.000010 0.000010 0.336511 0.000010
0.000010 0.000010 0.668962 0.000010 0.000010 0.330988 0.000010
0.000010 0.000010 0.666862 0.005373 0.000010 0.327725 0.000010
0.000010 0.000010 0.649078 0.000010 0.000010 0.350872 0.000010
0.000010 0.000010 0.000010 0.000010 0.000010 0.999140 0.000810
0.000010 0.000010 0.000010 0.000010 0.000010 0.997626 0.002324
0.000010 0.000010 0.204153 0.000282 0.000010 0.795526 0.000010
0.000010 0.000010 0.000010 0.000010 0.000010 0.999940 0.000010
0.000010 0.007719 0.000010 0.004625 0.000010 0.987617 0.000010
0.000010 0.000010 0.047505 0.003282 0.000010 0.949173 0.000010
0.000010 0.000010 0.000667 0.006357 0.000010 0.992935 0.000010
0.002198 0.014437 0.095531 0.001077 0.000010 0.886736 0.000010
0.008329 0.008731 0.267206 0.016225 0.007219 0.692280 0.000010
0.000010 0.000010 0.000010 0.000010 0.000010 0.998691 0.001259
0.000010 0.000010 0.000010 0.000010 0.000010 0.999940 0.000010
0.000010 0.002788 0.000010 0.000010 0.000010 0.997162 0.000010
0.000010 0.000010 0.000010 0.000010 0.000010 0.999940 0.000010
0.000010 0.009072 0.000010 0.000010 0.000010 0.990878 0.000010
0.000010 0.000010 0.022409 0.000010 0.002309 0.973805 0.001447
0.000010 0.000010 0.120408 0.000010 0.000010 0.872793 0.006760
0.000010 0.000010 0.130379 0.005293 0.006672 0.857626 0.000010
0.000010 0.000010 0.702953 0.000730 0.000392 0.295895 0.000010
0.000010 0.000010 0.662764 0.000010 0.023590 0.313606 0.000010
0.000010 0.000010 0.681160 0.003448 0.000010 0.315352 0.000010
0.000010 0.000010 0.705015 0.000010 0.000010 0.294935 0.000010
0.000010 0.000010 0.677990 0.000010 0.000010 0.321960 0.000010
0.000010 0.000010 0.692406 0.004463 0.000010 0.303091 0.000010
0.000010 0.000010 0.701727 0.000010 0.000010 0.298223 0.000010
0.000010 0.000010 0.694225 0.000010 0.000010 0.305725 0.000010
0.000010 0.000010 0.670539 0.000010 0.000010 0.329411 0.000010
0.000010 0.000010 0.686751 0.000397 0.001974 0.310847 0.000010
0.000010 0.000010 0.703322 0.000010 0.000010 0.296628 0.000010
0.000010 0.000010 0.672109 0.004947 0.000010 0.322904 0.000010
0.000010 0.000010 0.753431 0.000010 0.000019 0.246511 0.000010
0.000010 0.000010 0.685454 0.003370 0.001501 0.309644 0.000010
0.000010 0.000010 0.693017 0.000010 0.000378 0.306565 0.000010
0.013464 0.000010 0.647069 0.004542 0.000010 0.334895 0.000010
0.000010 0.000010 0.686179 0.000010 0.000010 0.313771 0.000010
0.000010 0.000010 0.717026 0.000010 0.004352 0.278581 0.000010
0.000010 0.000010 0.659678 0.000010 0.000010 0.340272 0.000010
0.000010 0.000010 0.729242 0.000010 0.000010 0.270708 0.000010
0.000010 0.000010 0.714270 0.000010 0.000010 0.285680 0.000010
0.000010 0.000010 0.667005 0.000010 0.000010 0.332945 0.000010
0.000010 0.000010 0.695479 0.000010 0.000010 0.304471 0.000010
0.000010 0.000010 0.701355 0.000010 0.000010 0.298595 0.000010
0.000010 0.000010 0.712064 0.000010 0.000010 0.287886 0.000010
0.000010 0.000010 0.724900 0.002149 0.000010 0.272911 0.000010
0.000010 0.000010 0.710768 0.000010 0.000010 0.289182 0.000010
0.000010 0.000010 0.698285 0.000010 0.000010 0.301665 0.000010
0.000010 0.000010 0.668930 0.000010 0.000010 0.331020 0.000010
0.000010 0.000010 0.734035 0.000010 0.000010 0.265915 0.000010
0.000010 0.000010 0.709557 0.000010 0.007186 0.283217 0.000010
0.000010 0.000010 0.680251 0.000010 0.000010 0.319699 0.000010
0.000010 0.000010 0.000010 0.007071 0.000010 0.992879 0.000010
0.005446 0.013320 0.000010 0.000010 0.000010 0.981194 0.000010
0.000010 0.000010 0.081159 0.000010 0.000010 0.918791 0.000010
0.000010 0.000010 0.000010 0.007839 0.000010 0.989225 0.002896
0.000010 0.000010 0.095685 0.002322 0.000010 0.901953 0.000010
0.000010 0.000010 0.000010 0.000010 0.000010 0.999940 0.000010
0.007434 0.000010 0.000010 0.008947 0.000010 0.983580 0.000010
0.000010 0.000010 0.057075 0.000010 0.000010 0.942875 0.000010
0.000010 0.000010 0.062474 0.000014 0.000010 0.932569 0.004913
0.000010 0.000010 0.119926 0.003960 0.000010 0.876074 0.000010
0.000010 0.007680 0.000010 0.002414 0.000010 0.988009 0.001867
0.000010 0.000010 0.235065 0.000010 0.000010 0.760257 0.004637
0.000010 0.000010 0.000010 0.000010 0.019588 0.980362 0.000010
0.001907 0.000010 0.035205 0.000010 0.000010 0.962848 0.000010
0.000010 0.000010 0.069540 0.000010 0.000010 0.928614 0.001806
0.000016 0.000010 0.000010 0.003281 0.000010 0.996663 0.000010
0.000010 0.000010 0.000010 0.000010 0.000010 0.999940 0.000010
0.000010 0.000010 0.000010 0.000010 0.000010 0.999940 0.000010
0.000010 0.000010 0.000010 0.000010 0.000010 0.999940 0.000010
0.000010 0.000010 0.000010 0.000010 0.000010 0.999940 0.000010
0.000010 0.000010 0.019700 0.000010 0.000010 0.980250 0.000010
0.000010 0.000010 0.000010 0.000010 0.000010 0.999940 0.000010
0.000010 0.000010 0.000010 0.000010 0.000010 0.999940 0.000010
0.004260 0.000010 0.104306 0.000010 0.000010 0.891394 0.000010
0.005389 0.000980 0.028876 0.012489 0.000010 0.952245 0.000010
0.000010 0.000010 0.000010 0.001740 0.000010 0.998210 0.000010
0.000010 0.000010 0.087185 0.000010 0.000010 0.912765 0.000010
0.000010 0.000010 0.220392 0.000010 0.000010 0.779558 0.000010
0.002299 0.000010 0.126370 0.000737 0.003650 0.866924 0.000010
0.000010 0.000010 0.000010 0.000010 0.000010 0.999940 0.000010
0.003750 0.000010 0.011963 0.000010 0.000010 0.984248 0.000010
0.000010 0.000010 0.115144 0.000010 0.000010 0.884806 0.000010
0.000010 0.000010 0.000010 0.000010 0.000010 0.999711 0.000239
0.006137 0.000010 0.092987 0.006695 0.000010 0.892630 0.001530
0.000264 0.000010 0.000010 0.000010 0.000010 0.998486 0.001210
0.000010 0.000010 0.000010 0.000010 0.000010 0.999940 0.000010
0.000010 0.000010 0.000010 0.000010 0.000010 0.999940 0.000010
0.003613 0.000010 0.000010 0.000010 0.000010 0.996337 0.000010
0.000010 0.000011 0.000010 0.000010 0.000010 0.999939 0.000010
0.008399 0.000010 0.000010 0.000854 0.000010 0.990707 0.000010
0.000010 0.000010 0.014681 0.000010 0.000010 0.985269 0.000010
0.000010 0.000010 0.087656 0.004319 0.000010 0.907985 0.000010
0.000010 0.000010 0.065680 0.000010 0.000010 0.931137 0.003143
0.000010 0.000010 0.063630 0.000010 0.000010 0.936320 0.000010
0.000010 0.000010 0.106863 0.012863 0.000010 0.874020 0.006223
0.000010 0.000010 0.100926 0.000010 0.000010 0.899024 0.000010
0.002871 0.000010 0.024599 0.000010 0.000010 0.965263 0.007238
0.000010 0.000010 0.000010 0.005082 0.000010 0.994868 0.000010
0.000010 0.000010 0.132486 0.000010 0.000010 0.867464 0.000010
0.000010 0.000010 0.000010 0.000010 0.000010 0.999940 0.000010
0.015076 0.000010 0.068530 0.001803 0.000010 0.914561 0.000010
0.000010 0.003513 0.253752 0.012202 0.010507 0.720006 0.000010
0.000010 0.000010 0.000010 0.000010 0.000010 0.995293 0.004657
0.000010 0.000010 0.000010 0.000010 0.000010 0.999940 0.000010
0.000010 0.000010 0.301480 0.000010 0.001914 0.696567 0.000010
0.000010 0.000010 0.000010 0.000010 0.000010 0.999940 0.000010
0.000010 0.000010 0.085513 0.000010 0.000010 0.914437 0.000010
0.000010 0.000010 0.000010 0.004023 0.000010 0.995927 0.000010
0.000010 0.000010 0.285200 0.004153 0.000010 0.710607 0.000010
0.000010 0.000010 0.000010 0.000014 0.000010 0.999936 0.000010
0.000010 0.000010 0.023786 0.002530 0.000010 0.973644 0.000010
0.000010 0.000010 0.138894 0.000010 0.000010 0.861056 0.000010
0.000010 0.000010 0.060817 0.008461 0.000010 0.920850 0.009843
0.000010 0.000010 0.069764 0.000010 0.000010 0.930186 0.000010
0.000010 0.000010 0.000010 0.000010 0.000010 0.991063 0.008887
0.000010 0.000010 0.142846 0.000010 0.000010 0.857104 0.000010
0.000010 0.000010 0.043937 0.000604 0.000010 0.955419 0.000010
0.000010 0.000010 0.000010 0.000010 0.000010 0.999940 0.000010
0.000924 0.000010 0.035730 0.001061 0.001572 0.960694 0.000010
0.000010 0.000010 0.057647 0.007257 0.000010 0.929004 0.006063
0.000010 0.000010 0.000010 0.000010 0.000010 0.999940 0.000010
0.000010 0.000010 0.019048 0.000010 0.014142 0.966770 0.000010
0.000010 0.002044 0.090502 0.000949 0.000010 0.892348 0.014137
0.000010 0.000010 0.000010 0.000010 0.000010 0.995788 0.004162
0.000010 0.000010 0.000010 0.000010 0.000010 0.999940 0.000010
0.000010 0.000010 0.000010 0.004187 0.000010 0.995763 0.000010
0.000010 0.000010 0.010378 0.010256 0.006989 0.972348 0.000010
0.000010 0.011885 0.000010 0.000010 0.000010 0.988065 0.000010
0.000010 0.000010 0.000010 0.005469 0.000010 0.994481 0.000010
0.000010 0.000010 0.083114 0.000010 0.000010 0.916836 0.000010
0.047560 0.051354 0.000010 0.000010 0.000010 0.901046 0.000010
0.000010 0.000010 0.000010 0.000010 0.000010 0.999940 0.000010
0.000010 0.000010 0.046664 0.009159 0.004413 0.939734 0.000010
0.000010 0.000010 0.283078 0.000010 0.000010 0.716872 0.000010
0.000010 0.000010 0.012214 0.000010 0.000010 0.987736 0.000010
0.000010 0.000010 0.000010 0.000018 0.000010 0.998304 0.001638
0.000010 0.000010 0.000010 0.000010 0.000010 0.999940 0.000010
0.000010 0.000010 0.000010 0.000012 0.000010 0.999938 0.000010
0.784848 0.215102 0.000010 0.000010 0.000010 0.000010 0.000010
0.769037 0.230913 0.000010 0.000010 0.000010 0.000010 0.000010
0.788912 0.211034 0.000010 0.000014 0.000010 0.000010 0.000010
0.818532 0.181418 0.000010 0.000010 0.000010 0.000010 0.000010
0.752278 0.247672 0.000010 0.000010 0.000010 0.000010 0.000010
0.777679 0.222271 0.000010 0.000010 0.000010 0.000010 0.000010
0.818238 0.181712 0.000010 0.000010 0.000010 0.000010 0.000010
0.761408 0.238532 0.000019 0.000010 0.000011 0.000010 0.000010
0.802554 0.197394 0.000010 0.000010 0.000013 0.000010 0.000010
0.796330 0.203620 0.000010 0.000010 0.000010 0.000010 0.000010
0.786024 0.213926 0.000010 0.000010 0.000010 0.000010 0.000010
0.780243 0.219707 0.000010 0.000010 0.000010 0.000010 0.000010
0.807590 0.192360 0.000010 0.000010 0.000010 0.000010 0.000010
0.791532 0.208418 0.000010 0.000010 0.000010 0.000010 0.000010
0.783694 0.216256 0.000010 0.000010 0.000010 0.000010 0.000010
0.785706 0.214244 0.000010 0.000010 0.000010 0.000010 0.000010
0.775056 0.224894 0.000010 0.000010 0.000010 0.000010 0.000010
0.801142 0.198808 0.000010 0.000010 0.000010 0.000010 0.000010
0.779647 0.220303 0.000010 0.000010 0.000010 0.000010 0.000010
0.792600 0.207350 0.000010 0.000010 0.000010 0.000010 0.000010
0.797841 0.202109 0.000010 0.000010 0.000010 0.000010 0.000010
0.801487 0.198463 0.000010 0.000010 0.000010 0.000010 0.000010
0.784390 0.215560 0.000010 0.000010 0.000010 0.000010 0.000010
0.817260 0.182686 0.000014 0.000010 0.000010 0.000010 0.000010
0.782764 0.217186 0.000010 0.000010 0.000010 0.000010 0.000010
0.775735 0.224215 0.000010 0.000010 0.000010 0.000010 0.000010
0.784176 0.215774 0.000010 0.000010 0.000010 0.000010 0.000010
0.756943 0.243007 0.000010 0.000010 0.000010 0.000010 0.000010
0.780014 0.219936 0.000010 0.000010 0.000010 0.000010 0.000010
0.791147 0.208803 0.000010 0.000010 0.000010 0.000010 0.000010
0.784245 0.215705 0.000010 0.000010 0.000010 0.000010 0.000010
0.815900 0.184050 0.000010 0.000010 0.000010 0.000010 0.000010
0.768618 0.231332 0.000010 0.000010 0.000010 0.000010 0.000010
0.761836 0.238114 0.000010 0.000010 0.000010 0.000010 0.000010
0.804128 0.195822 0.000010 0.000010 0.000010 0.000010 0.000010
0.801406 0.198544 0.000010 0.000010 0.000010 0.000010 0.000010
0.769916 0.230034 0.000010 0.000010 0.000010 0.000010 0.000010
0.780660 0.219290 0.000010 0.000010 0.000010 0.000010 0.000010
0.789627 0.210323 0.000010 0.000010 0.000010 0.000010 0.000010
0.800114 0.199836 0.000010 0.000010 0.000010 0.000010 0.000010
0.809418 0.190532 0.000010 0.000010 0.000010 0.000010 0.000010
0.808292 0.191658 0.000010 0.000010 0.000010 0.000010 0.000010
0.000010 0.000010 0.729300 0.103592 0.000010 0.006095 0.160983
0.000010 0.000010 0.607952 0.194701 0.000010 0.000010 0.197307
0.000010 0.000010 0.779615 0.086078 0.000015 0.000010 0.134262
0.798901 0.201049 0.000010 0.000010 0.000010 0.000010 0.000010
0.783933 0.216017 0.000010 0.000010 0.000010 0.000010 0.000010
0.732056 0.267894 0.000010 0.000010 0.000010 0.000010 0.000010
0.794401 0.205549 0.000010 0.000010 0.000010 0.000010 0.000010
0.809289 0.190659 0.000012 0.000010 0.000010 0.000010 0.000010
0.788861 0.211089 0.000010 0.000010 0.000010 0.000010 0.000010
0.744014 0.255936 0.000010 0.000010 0.000010 0.000010 0.000010
0.771136 0.228814 0.000010 0.000010 0.000010 0.000010 0.000010
0.876123 0.123827 0.000010 0.000010 0.000010 0.000010 0.000010
0.776391 0.223559 0.000010 0.000010 0.000010 0.000010 0.000010
0.771222 0.228728 0.000010 0.000010 0.000010 0.000010 0.000010
0.790086 0.209392 0.000010 0.000482 0.000010 0.000010 0.000010
0.583275 0.416675 0.000010 0.000010 0.000010 0.000010 0.000010
0.804836 0.195114 0.000010 0.000010 0.000010 0.000010 0.000010
0.789829 0.210121 0.000010 0.000010 0.000010 0.000010 0.000010
0.785563 0.214387 0.000010 0.000010 0.000010 0.000010 0.000010
0.795659 0.204291 0.000010 0.000010 0.000010 0.000010 0.000010
0.720315 0.279635 0.000010 0.000010 0.000010 0.000010 0.000010
0.792114 0.207830 0.000010 0.000016 0.000010 0.000010 0.000010
0.811162 0.188788 0.000010 0.000010 0.000010 0.000010 0.000010
0.771617 0.228333 0.000010 0.000010 0.000010 0.000010 0.000010
0.761036 0.238914 0.000010 0.000010 0.000010 0.000010 0.000010
0.793709 0.206241 0.000010 0.000010 0.000010 0.000010 0.000010
0.767071 0.232879 0.000010 0.000010 0.000010 0.000010 0.000010
0.784607 0.215343 0.000010 0.000010 0.000010 0.000010 0.000010
0.810783 0.189167 0.000010 0.000010 0.000010 0.000010 0.000010
0.762275 0.237675 0.000010 0.000010 0.000010 0.000010 0.000010
0.775939 0.224011 0.000010 0.000010 0.000010 0.000010 0.000010
0.822213 0.177737 0.000010 0.000010 0.000010 0.000010 0.000010
0.785437 0.214513 0.000010 0.000010 0.000010 0.000010 0.000010
0.794452 0.205498 0.000010 0.000010 0.000010 0.000010 0.000010
0.756083 0.243867 0.000010 0.000010 0.000010 0.000010 0.000010
0.776159 0.223791 0.000010 0.000010 0.000010 0.000010 0.000010
0.754053 0.245897 0.000010 0.000010 0.000010 0.000010 0.000010
0.805220 0.194730 0.000010 0.000010 0.000010 0.000010 0.000010
0.000010 0.000010 0.693599 0.163353 0.000010 0.000010 0.143008
0.000010 0.000010 0.656131 0.182514 0.000010 0.000010 0.161315
0.000010 0.000010 0.787424 0.087765 0.000010 0.000010 0.124771
0.003717 0.000010 0.732124 0.089868 0.001178 0.000010 0.173093
0.889234 0.110716 0.000010 0.000010 0.000010 0.000010 0.000010
0.862020 0.137930 0.000010 0.000010 0.000010 0.000010 0.000010
0.859456 0.140494 0.000010 0.000010 0.000010 0.000010 0.000010
0.844745 0.155205 0.000010 0.000010 0.000010 0.000010 0.000010
0.857074 0.142876 0.000010 0.000010 0.000010 0.000010 0.000010
0.871705 0.128245 0.000010 0.000010 0.000010 0.000010 0.000010
0.826653 0.173297 0.000010 0.000010 0.000010 0.000010 0.000010
0.880434 0.119516 0.000010 0.000010 0.000010 0.000010 0.000010
0.856446 0.143504 0.000010 0.000010 0.000010 0.000010 0.000010
0.895751 0.104199 0.000010 0.000010 0.000010 0.000010 0.000010
0.841171 0.158779 0.000010 0.000010 0.000010 0.000010 0.000010
0.853821 0.146129 0.000010 0.000010 0.000010 0.000010 0.000010
0.841829 0.158121 0.000010 0.000010 0.000010 0.000010 0.000010
0.873306 0.126644 0.000010 0.000010 0.000010 0.000010 0.000010
0.881918 0.118032 0.000010 0.000010 0.000010 0.000010 0.000010
0.868664 0.131286 0.000010 0.000010 0.000010 0.000010 0.000010
0.863378 0.136572 0.000010 0.000010 0.000010 0.000010 0.000010
0.871749 0.128201 0.000010 0.000010 0.000010 0.000010 0.000010
0.869532 0.130418 0.000010 0.000010 0.000010 0.000010 0.000010
0.828707 0.171243 0.000010 0.000010 0.000010 0.000010 0.000010
0.861097 0.138853 0.000010 0.000010 0.000010 0.000010 0.000010
0.827366 0.172584 0.000010 0.000010 0.000010 0.000010 0.000010
0.870351 0.129599 0.000010 0.000010 0.000010 0.000010 0.000010
0.871231 0.128719 0.000010 0.000010 0.000010 0.000010 0.000010
0.860644 0.139306 0.000010 0.000010 0.000010 0.000010 0.000010
0.864084 0.135864 0.000013 0.000010 0.000010 0.000010 0.000010
0.861865 0.138085 0.000010 0.000010 0.000010 0.000010 0.000010
0.841346 0.158604 0.000010 0.000010 0.000010 0.000010 0.000010
0.000010 0.000010 0.869289 0.036559 0.000010 0.008292 0.085830
0.003059 0.000010 0.784354 0.067268 0.002103 0.000010 0.143196
0.000010 0.000010 0.671620 0.114207 0.000010 0.000010 0.214133
0.000010 0.000010 0.781807 0.063742 0.000010 0.031572 0.122849
0.000010 0.000010 0.788679 0.087446 0.001518 0.012609 0.109727
0.000010 0.000010 0.756152 0.056881 0.000441 0.121332 0.065174
0.000010 0.000010 0.716124 0.120854 0.000010 0.000010 0.162983
0.000010 0.000010 0.863446 0.070868 0.003898 0.000010 0.061759
0.000010 0.000010 0.653129 0.111079 0.000010 0.000010 0.235752
0.999940 0.000010 0.000010 0.000010 0.000010 0.000010 0.000010
0.999940 0.000010 0.000010 0.000010 0.000010 0.000010 0.000010
0.999940 0.000010 0.000010 0.000010 0.000010 0.000010 0.000010
0.999940 0.000010 0.000010 0.000010 0.000010 0.000010 0.000010
0.999431 0.000010 0.000010 0.000519 0.000010 0.000010 0.000010
0.999940 0.000010 0.000010 0.000010 0.000010 0.000010 0.000010
0.999940 0.000010 0.000010 0.000010 0.000010 0.000010 0.000010
0.999940 0.000010 0.000010 0.000010 0.000010 0.000010 0.000010
0.999940 0.000010 0.000010 0.000010 0.000010 0.000010 0.000010
0.974743 0.025207 0.000010 0.000010 0.000010 0.000010 0.000010
0.999940 0.000010 0.000010 0.000010 0.000010 0.000010 0.000010
0.999940 0.000010 0.000010 0.000010 0.000010 0.000010 0.000010
0.999940 0.000010 0.000010 0.000010 0.000010 0.000010 0.000010
0.999940 0.000010 0.000010 0.000010 0.000010 0.000010 0.000010
0.999940 0.000010 0.000010 0.000010 0.000010 0.000010 0.000010
0.000010 0.000010 0.787011 0.092033 0.000010 0.016556 0.104370
0.000010 0.000010 0.721567 0.121856 0.001871 0.000010 0.154675
0.000010 0.000010 0.613611 0.236098 0.000010 0.000010 0.150250
0.005496 0.000010 0.560742 0.217253 0.000010 0.000010 0.216480
0.000254 0.000010 0.577224 0.228749 0.000010 0.000010 0.193743
0.000010 0.000010 0.748691 0.069138 0.002513 0.000010 0.179627
0.000010 0.000010 0.730060 0.136337 0.000010 0.000010 0.133563
0.005504 0.000010 0.674447 0.131509 0.016449 0.000010 0.172071
0.000010 0.000010 0.775032 0.094172 0.000010 0.000010 0.130756
0.000010 0.000010 0.767570 0.077310 0.000010 0.000010 0.155080
0.000010 0.000010 0.498292 0.365469 0.000010 0.000010 0.136199
0.001179 0.000010 0.691558 0.181375 0.000010 0.000010 0.125858
0.000010 0.000010 0.759760 0.074318 0.008334 0.005172 0.152397
0.000010 0.000010 0.763356 0.084507 0.000010 0.000010 0.152097
0.000010 0.000010 0.728160 0.091557 0.000010 0.000010 0.180243
0.000010 0.000010 0.781611 0.059219 0.000010 0.000010 0.159131
0.000010 0.000010 0.761884 0.095291 0.000010 0.000010 0.142784
0.000010 0.000010 0.744876 0.080717 0.013233 0.000010 0.161145
0.000010 0.000010 0.817774 0.102756 0.000010 0.011895 0.067546
0.000010 0.000010 0.615705 0.193936 0.000010 0.000010 0.190318
0.000010 0.000010 0.691913 0.165921 0.002593 0.000010 0.139544
0.000010 0.000010 0.681507 0.106328 0.000010 0.000010 0.212125
0.000010 0.000010 0.618427 0.211599 0.000010 0.000010 0.169934
0.000010 0.000010 0.719229 0.108940 0.000010 0.000010 0.171792
0.000010 0.000010 0.716990 0.134131 0.003229 0.006149 0.139480
0.000010 0.000010 0.661303 0.134345 0.000010 0.000010 0.204312
0.000010 0.000010 0.666123 0.192041 0.022784 0.000010 0.119023
0.000010 0.000010 0.678570 0.153684 0.007592 0.000010 0.160124
0.000010 0.000010 0.601662 0.260379 0.000010 0.000010 0.137919
0.001186 0.000010 0.708344 0.139831 0.004548 0.000010 0.146071
0.000010 0.000010 0.736857 0.108047 0.000010 0.000010 0.155057
0.000010 0.000010 0.722750 0.104053 0.000010 0.000010 0.173157
0.000010 0.000010 0.749797 0.097655 0.000010 0.000010 0.152508
0.000010 0.000010 0.636099 0.169397 0.000010 0.000010 0.194464
0.000010 0.000010 0.688437 0.169768 0.002321 0.000010 0.139444
0.000010 0.000010 0.761827 0.101227 0.005442 0.000010 0.131474
0.000010 0.000010 0.787347 0.091353 0.000010 0.027137 0.094134
0.000010 0.000010 0.617366 0.241475 0.000010 0.000010 0.141119
0.000010 0.000010 0.246173 0.652861 0.000010 0.032807 0.068130
0.000010 0.000010 0.707723 0.131767 0.000010 0.000010 0.160470
0.000010 0.000010 0.727372 0.110771 0.000010 0.000010 0.161817
0.000010 0.000010 0.877829 0.031703 0.000010 0.000010 0.090428
0.000010 0.000010 0.664476 0.019852 0.000010 0.000010 0.315632
0.000010 0.000010 0.832032 0.028290 0.000010 0.000010 0.139638
0.000010 0.000010 0.596646 0.063432 0.024782 0.000010 0.315109
0.000010 0.000010 0.676840 0.071665 0.001149 0.000010 0.250317
0.000010 0.000010 0.534157 0.148675 0.000014 0.000010 0.317124
0.000010 0.000010 0.616966 0.105122 0.000010 0.000010 0.277873
0.000010 0.000010 0.650002 0.067940 0.003917 0.000010 0.278111
0.000010 0.000010 0.648706 0.063430 0.000010 0.000010 0.287824
0.000010 0.000010 0.793138 0.033648 0.000010 0.000010 0.173173
0.000010 0.000010 0.634305 0.130056 0.000010 0.000010 0.235599
0.000010 0.000010 0.610919 0.095009 0.000010 0.000010 0.294031
0.000010 0.000010 0.580316 0.033555 0.000010 0.000010 0.386089
0.000010 0.000010 0.494111 0.185531 0.000010 0.000010 0.320318
0.000010 0.000010 0.652515 0.048277 0.000010 0.000010 0.299168
0.000010 0.000010 0.405952 0.194639 0.000010 0.000010 0.399369
0.000010 0.000010 0.641767 0.063208 0.011154 0.000275 0.283576
0.000010 0.000010 0.401915 0.120100 0.000013 0.000010 0.477942
0.004679 0.000010 0.621186 0.196873 0.000010 0.000010 0.177232
0.000010 0.000010 0.688177 0.123375 0.000010 0.000010 0.188408
0.000010 0.000010 0.750731 0.107363 0.000010 0.000010 0.141867
0.000010 0.000010 0.616134 0.232296 0.000010 0.000010 0.151530
0.000010 0.000010 0.851900 0.046074 0.045632 0.000010 0.056364
0.006010 0.000010 0.693035 0.127811 0.007472 0.000010 0.165652
0.000010 0.000010 0.635115 0.197025 0.000010 0.005518 0.162311
0.001320 0.000010 0.847268 0.088580 0.000010 0.000010 0.062802
0.004573 0.000010 0.774899 0.083064 0.000010 0.000010 0.137434
0.000010 0.000010 0.738563 0.095126 0.000010 0.000010 0.166271
0.000010 0.000010 0.710649 0.078744 0.009351 0.000010 0.201226
0.000010 0.000010 0.682854 0.137705 0.008954 0.000010 0.170456
0.000010 0.000010 0.691939 0.123497 0.000010 0.000010 0.184523
0.000010 0.000010 0.549092 0.190883 0.000010 0.000010 0.259984
0.000010 0.000010 0.537585 0.231238 0.000010 0.000010 0.231137
0.000010 0.000010 0.590902 0.175648 0.000010 0.000010 0.233410
0.000010 0.000010 0.701249 0.091388 0.000914 0.000010 0.206419
0.000010 0.000010 0.774972 0.075713 0.000010 0.000010 0.149275
0.000010 0.000010 0.652087 0.202869 0.000010 0.000010 0.145004
0.000010 0.000010 0.828804 0.050262 0.016262 0.000010 0.104643
0.000010 0.000010 0.729201 0.129585 0.000995 0.000010 0.140190
0.000010 0.000010 0.730925 0.130325 0.007161 0.000010 0.131559
0.000010 0.000010 0.222305 0.688492 0.003394 0.007317 0.078473
0.000010 0.000010 0.367995 0.519212 0.000010 0.052248 0.060515
0.000010 0.000010 0.613584 0.211485 0.000010 0.000010 0.174891
0.000010 0.000010 0.752184 0.116704 0.013968 0.000010 0.117115
0.000010 0.000010 0.575836 0.091149 0.000010 0.005312 0.327673
0.000010 0.000010 0.673328 0.029456 0.000010 0.012992 0.284194
0.000010 0.000010 0.710533 0.048918 0.000010 0.000010 0.240509
0.000010 0.000010 0.507527 0.191943 0.000010 0.000010 0.300490
0.000010 0.000010 0.793285 0.015540 0.000010 0.000010 0.191135
0.000010 0.000010 0.664181 0.028536 0.000010 0.000010 0.307243
0.000010 0.000010 0.819434 0.044877 0.000010 0.000010 0.135649
0.000010 0.000010 0.516196 0.147948 0.000010 0.000010 0.335816
0.000010 0.000010 0.649968 0.073903 0.000010 0.000010 0.276090
0.000010 0.000010 0.631695 0.091646 0.000010 0.000010 0.276619
0.000010 0.000010 0.467937 0.185686 0.016536 0.000010 0.329811
0.000010 0.000010 0.933565 0.021435 0.000010 0.000010 0.044960
0.000010 0.000010 0.603299 0.020101 0.000010 0.000010 0.376561
0.000010 0.000010 0.678286 0.029850 0.000010 0.000010 0.291825
0.000010 0.000010 0.686763 0.032046 0.000010 0.000010 0.281151
0.000010 0.000010 0.682389 0.079959 0.000010 0.000010 0.237612
0.000010 0.000010 0.596796 0.254309 0.000010 0.000010 0.148855
0.000010 0.000010 0.660617 0.133757 0.000010 0.000010 0.205586
0.000010 0.000010 0.657483 0.132704 0.015277 0.000010 0.194506
0.000010 0.000010 0.641234 0.162092 0.000010 0.002637 0.194007
0.000010 0.000010 0.591700 0.237226 0.000010 0.000010 0.171034
0.000010 0.000010 0.785123 0.101538 0.014268 0.000010 0.099041
0.000010 0.000010 0.708621 0.144254 0.000010 0.000010 0.147085
0.000010 0.000010 0.706282 0.123961 0.000010 0.000010 0.169717
0.000010 0.000010 0.744767 0.147621 0.000010 0.000010 0.107572
0.000010 0.000010 0.676811 0.122232 0.000010 0.000010 0.200917
0.000010 0.000010 0.672791 0.001110 0.000010 0.326059 0.000010
0.000010 0.000010 0.319078 0.009646 0.015671 0.028447 0.627139
0.000010 0.000010 0.400050 0.359272 0.002903 0.002962 0.234794
0.000010 0.000010 0.495366 0.041644 0.000010 0.028241 0.434719
0.000010 0.000010 0.684049 0.064538 0.000010 0.000010 0.251373
0.000010 0.000010 0.527454 0.053535 0.000010 0.000010 0.418972
0.000010 0.000010 0.503163 0.083675 0.000010 0.000010 0.413123
0.000010 0.000010 0.667582 0.023110 0.000010 0.000010 0.309269
0.003048 0.000010 0.747562 0.034294 0.001119 0.000010 0.213957
0.000010 0.000010 0.799021 0.027589 0.000010 0.000010 0.173350
0.000010 0.000010 0.585518 0.071119 0.010078 0.015167 0.318098
0.000010 0.000010 0.652028 0.020501 0.000010 0.000010 0.327431
0.000010 0.000010 0.666218 0.056059 0.000010 0.000010 0.277682
0.000010 0.000010 0.666321 0.066895 0.010248 0.000010 0.256505
0.000010 0.003363 0.604004 0.126478 0.000010 0.022168 0.243967
0.000010 0.000010 0.482780 0.184207 0.000010 0.000010 0.332974
0.000010 0.000010 0.523719 0.147967 0.000010 0.036127 0.292156
0.014722 0.000010 0.590236 0.110229 0.000010 0.000010 0.284783
0.000010 0.000010 0.317715 0.136168 0.000010 0.000010 0.546077
0.000010 0.000010 0.618867 0.053570 0.000010 0.000010 0.327523
0.000010 0.000010 0.684419 0.029535 0.000010 0.000010 0.286006
0.000010 0.000010 0.511709 0.149083 0.008373 0.000010 0.330806
0.000010 0.000010 0.559732 0.107215 0.000010 0.000010 0.333013
0.000010 0.000010 0.551260 0.047289 0.000010 0.000010 0.401411
0.000010 0.000010 0.697958 0.037642 0.000010 0.000010 0.264360
0.000010 0.000010 0.685216 0.068259 0.000010 0.000010 0.246485
0.000010 0.000010 0.783680 0.065971 0.000010 0.000010 0.150309
0.000010 0.000010 0.390526 0.283761 0.000010 0.000010 0.325674
0.000010 0.000010 0.613669 0.179880 0.000010 0.000010 0.206410
0.000010 0.000010 0.634141 0.217924 0.006716 0.000010 0.141188
0.000010 0.000010 0.777602 0.086096 0.000010 0.000010 0.136262
0.000010 0.000010 0.582483 0.188845 0.003358 0.000010 0.225284
0.000010 0.000010 0.632665 0.173063 0.012405 0.000010 0.181837
0.000010 0.000010 0.637045 0.174593 0.000010 0.000010 0.188322
0.000010 0.000010 0.646771 0.170334 0.000010 0.000010 0.182855
0.000010 0.000010 0.752314 0.116291 0.000010 0.000010 0.131354
0.000010 0.000010 0.664067 0.098730 0.004372 0.000010 0.232801
0.000010 0.000010 0.625148 0.154327 0.005705 0.000010 0.214790
0.000010 0.000010 0.661803 0.148547 0.000010 0.000010 0.189609
0.000010 0.000822 0.594417 0.110731 0.001234 0.000010 0.292775
0.000010 0.000010 0.700692 0.035939 0.000010 0.000010 0.263330
0.000010 0.000010 0.390159 0.050057 0.001811 0.000010 0.557943
0.000010 0.000010 0.851901 0.022024 0.000010 0.000010 0.126035
0.000010 0.000010 0.919137 0.033412 0.000010 0.000010 0.047411
0.000010 0.000010 0.570591 0.180239 0.000010 0.000010 0.249130
0.000010 0.000010 0.521936 0.035282 0.009275 0.000010 0.433477
0.000010 0.000010 0.324886 0.061343 0.000010 0.000010 0.613731
0.000010 0.000010 0.562120 0.108343 0.006400 0.015126 0.307991
0.000010 0.000010 0.651450 0.076791 0.005806 0.000010 0.265924
0.000010 0.000010 0.518594 0.043718 0.000010 0.000010 0.437649
0.000010 0.000010 0.528598 0.062238 0.000010 0.000010 0.409124
0.000010 0.000010 0.509529 0.042578 0.000010 0.000010 0.447853
0.000010 0.000010 0.394356 0.184321 0.000010 0.019992 0.401301
0.000010 0.000010 0.371797 0.294203 0.000010 0.000616 0.333354
0.000010 0.000010 0.472184 0.192334 0.000010 0.000010 0.335442
0.000010 0.000010 0.784922 0.020534 0.000010 0.000010 0.194504
0.000010 0.000010 0.773341 0.022561 0.001456 0.000010 0.202611
0.000010 0.000010 0.568890 0.053310 0.000010 0.000010 0.377760
0.000010 0.000010 0.771505 0.030693 0.000010 0.029107 0.168665
0.000010 0.000010 0.820107 0.041665 0.000406 0.000010 0.137792
0.000010 0.000010 0.339073 0.372780 0.000010 0.000010 0.288107
0.000010 0.000010 0.563144 0.040729 0.009128 0.000010 0.386970
0.000010 0.000010 0.686496 0.155336 0.000010 0.000010 0.158128
0.000010 0.000010 0.825863 0.019557 0.003676 0.000010 0.150874
0.000010 0.000010 0.794867 0.031007 0.000010 0.000010 0.174085
0.000010 0.000010 0.724372 0.036899 0.012287 0.000010 0.226411
0.000010 0.000010 0.464026 0.096721 0.000010 0.000010 0.439213
0.001570 0.000010 0.459599 0.130649 0.000010 0.000010 0.408153
0.000010 0.000010 0.542123 0.055703 0.000010 0.007411 0.394733
0.000010 0.000010 0.560760 0.056316 0.000010 0.000010 0.382885
0.002543 0.000010 0.965367 0.026538 0.000010 0.003503 0.002029
0.000010 0.000010 0.865934 0.037473 0.000010 0.096553 0.000010
0.000010 0.000010 0.959044 0.012028 0.000748 0.028150 0.000010
0.000010 0.000010 0.900041 0.021672 0.000010 0.074487 0.003770
0.000010 0.000010 0.914940 0.039153 0.009234 0.036642 0.000010
0.000010 0.000010 0.945914 0.024490 0.003317 0.024240 0.002019
0.000010 0.000010 0.968658 0.031292 0.000010 0.000010 0.000010
0.000010 0.000010 0.953716 0.019064 0.000010 0.027180 0.000010
0.000010 0.000010 0.932848 0.013542 0.000010 0.053570 0.000010
0.000010 0.000010 0.952121 0.008902 0.000010 0.031453 0.007494
0.000010 0.000010 0.963917 0.000010 0.000010 0.036033 0.000010
0.000010 0.000010 0.952172 0.001538 0.000010 0.046250 0.000010
0.000010 0.000010 0.959599 0.002663 0.000010 0.037697 0.000010
0.000010 0.000010 0.910609 0.006545 0.000010 0.082806 0.000010
0.000010 0.000010 0.947689 0.003474 0.000010 0.048797 0.000010
0.000010 0.000010 0.913857 0.000010 0.000010 0.085857 0.000246
0.000010 0.000010 0.917917 0.024970 0.000010 0.057073 0.000010
0.000010 0.000010 0.898457 0.031457 0.013727 0.056330 0.000010
0.000010 0.000010 0.962449 0.037046 0.000010 0.000465 0.000010
0.000010 0.000010 0.947493 0.032385 0.000010 0.020082 0.000010
0.000010 0.000010 0.885127 0.031223 0.004576 0.079044 0.000010
0.000010 0.000010 0.940599 0.033104 0.000010 0.026257 0.000010
0.000012 0.000010 0.901347 0.019644 0.000010 0.078968 0.000010
0.000010 0.000010 0.951790 0.020034 0.000010 0.028137 0.000010
0.000010 0.000010 0.698383 0.069441 0.000010 0.000010 0.232137
0.000010 0.000010 0.348655 0.390891 0.000010 0.010852 0.249572
0.007704 0.000010 0.392279 0.237337 0.010786 0.000010 0.351873
0.000010 0.000010 0.244153 0.006843 0.000010 0.000010 0.748964
0.000010 0.000010 0.469501 0.027797 0.000010 0.000010 0.502662
0.000010 0.000010 0.260717 0.000979 0.000010 0.008690 0.729584
0.000010 0.000010 0.000010 0.000010 0.000010 0.000010 0.999940
0.000010 0.000010 0.446556 0.075108 0.000010 0.000010 0.478296
0.000010 0.000010 0.317935 0.014835 0.000010 0.000010 0.667190
0.000010 0.000010 0.135629 0.000549 0.779080 0.080197 0.004525
0.000010 0.014521 0.127780 0.006390 0.748435 0.096440 0.006424
0.000010 0.000010 0.166218 0.007281 0.747689 0.076894 0.001898
0.000010 0.000010 0.165299 0.000010 0.737128 0.097533 0.000010
0.999940 0.000010 0.000010 0.000010 0.000010 0.000010 0.000010
0.969614 0.000010 0.000010 0.005189 0.025156 0.000010 0.000010
0.997097 0.000010 0.000010 0.002853 0.000010 0.000010 0.000010
0.993359 0.000010 0.000010 0.006591 0.000010 0.000010 0.000010
0.990209 0.000010 0.000010 0.000010 0.009741 0.000010 0.000010
0.992817 0.007130 0.000010 0.000010 0.000012 0.000010 0.000010
0.000017 0.000010 0.905378 0.033447 0.000010 0.057376 0.003762
0.000010 0.000010 0.904326 0.032662 0.000010 0.061027 0.001955
0.000010 0.000010 0.966213 0.020396 0.000010 0.013351 0.000010
0.000010 0.000010 0.887462 0.021372 0.000010 0.091126 0.000010
0.000010 0.000010 0.941881 0.025186 0.000010 0.032894 0.000010
0.000010 0.000010 0.936687 0.018478 0.000010 0.044796 0.000010
0.000010 0.000010 0.971255 0.028695 0.000010 0.000010 0.000010
0.000010 0.000010 0.910956 0.028523 0.000010 0.060481 0.000010
0.000010 0.000010 0.960423 0.017935 0.000765 0.020848 0.000010
0.000010 0.000010 0.896930 0.021167 0.010667 0.071206 0.000010
0.000010 0.000010 0.910942 0.033836 0.000010 0.055181 0.000010
0.006824 0.000010 0.921113 0.027456 0.005075 0.022962 0.016562
0.000010 0.000010 0.912827 0.018057 0.012690 0.056396 0.000010
0.000010 0.000010 0.915721 0.026160 0.000010 0.058079 0.000010
0.000010 0.000010 0.957383 0.039016 0.000010 0.003562 0.000010
0.000010 0.000010 0.954048 0.031829 0.000010 0.014083 0.000010
0.000010 0.000010 0.884233 0.018423 0.000010 0.097304 0.000010
0.000010 0.000010 0.952277 0.044258 0.003425 0.000010 0.000010
0.000010 0.000010 0.909572 0.078097 0.012291 0.000010 0.000010
0.001913 0.000010 0.934898 0.063149 0.000010 0.000010 0.000010
0.000010 0.000010 0.947865 0.013948 0.004032 0.034126 0.000010
0.000010 0.000010 0.930347 0.018379 0.000271 0.050973 0.000010
0.000010 0.000010 0.885368 0.040239 0.028807 0.045556 0.000010
0.000010 0.000010 0.882641 0.048692 0.001898 0.066738 0.000010
0.000010 0.000010 0.949926 0.014452 0.000010 0.035582 0.000010
0.000010 0.000010 0.907793 0.018706 0.003338 0.070133 0.000010
0.000010 0.000010 0.928459 0.012091 0.000010 0.059410 0.000010
0.000010 0.000010 0.953084 0.016712 0.000010 0.030164 0.000010
0.000010 0.000010 0.956984 0.008048 0.000010 0.034928 0.000010
0.000010 0.000010 0.906095 0.017384 0.000010 0.076481 0.000010
0.000010 0.000010 0.923424 0.015513 0.000010 0.061023 0.000010
0.000010 0.000010 0.927869 0.016660 0.000010 0.054954 0.000488
0.000010 0.000010 0.966567 0.017165 0.000010 0.016228 0.000010
0.000010 0.000010 0.960423 0.009858 0.001129 0.028560 0.000010
0.000010 0.000010 0.872733 0.033705 0.000010 0.090583 0.002949
0.000010 0.000010 0.854676 0.024098 0.000010 0.121187 0.000010
0.000010 0.000010 0.928699 0.055417 0.000010 0.015844 0.000010
0.000010 0.000010 0.918329 0.064584 0.000010 0.017047 0.000010
0.004454 0.000010 0.930826 0.033768 0.000010 0.029734 0.001197
0.000010 0.000010 0.938059 0.030202 0.000010 0.031699 0.000010
0.000010 0.000010 0.928553 0.000010 0.000010 0.071397 0.000010
0.000010 0.000010 0.965543 0.000010 0.000010 0.034407 0.000010
0.003450 0.000010 0.892912 0.038917 0.000010 0.064691 0.000010
0.000010 0.000010 0.931920 0.033202 0.000010 0.034838 0.000010
0.000010 0.000010 0.883401 0.034911 0.004386 0.077273 0.000010
0.000010 0.000010 0.888796 0.025003 0.003810 0.082361 0.000010
0.000010 0.000010 0.933746 0.036640 0.000010 0.029575 0.000010
0.000010 0.000010 0.935968 0.026607 0.001690 0.035705 0.000010
0.000010 0.000010 0.901297 0.020022 0.000010 0.078641 0.000010
0.000010 0.000010 0.942294 0.024421 0.007394 0.025861 0.000010
0.000010 0.000010 0.933759 0.028191 0.000010 0.038010 0.000010
0.000010 0.000010 0.931806 0.036182 0.000010 0.031972 0.000010
0.000010 0.000010 0.966741 0.022564 0.000010 0.010655 0.000010
0.000010 0.000010 0.908745 0.020044 0.000010 0.071171 0.000010
0.000010 0.000010 0.907809 0.021929 0.000010 0.065522 0.004710
0.000010 0.000010 0.934661 0.042456 0.002919 0.015672 0.004272
0.000010 0.000010 0.957576 0.033302 0.009081 0.000010 0.000010
0.000010 0.000010 0.930309 0.025696 0.002700 0.041266 0.000010
0.000010 0.000010 0.959622 0.031437 0.000010 0.008900 0.000010
0.000011 0.000010 0.910951 0.011307 0.000010 0.077701 0.000010
0.000010 0.000010 0.924026 0.018713 0.006947 0.050283 0.000010
0.000010 0.000010 0.933993 0.009942 0.000010 0.056025 0.000010
0.000010 0.000010 0.929717 0.010197 0.027858 0.032198 0.000010
0.000010 0.000010 0.913949 0.014837 0.000010 0.071174 0.000010
0.000010 0.000010 0.941678 0.014853 0.000010 0.043429 0.000010
0.000010 0.000010 0.917593 0.023572 0.000010 0.058795 0.000010
0.000010 0.000010 0.955550 0.026099 0.000010 0.018311 0.000010
0.000010 0.000010 0.941844 0.023620 0.000597 0.033909 0.000010
0.000010 0.000010 0.888696 0.007707 0.005044 0.098523 0.000010
0.000010 0.000010 0.910993 0.010865 0.001941 0.076171 0.000010
0.000010 0.000010 0.714206 0.003241 0.000010 0.282513 0.000010
0.000010 0.000010 0.679327 0.002904 0.010269 0.307470 0.000010
0.000010 0.000010 0.678233 0.001484 0.009340 0.310914 0.000010
0.999940 0.000010 0.000010 0.000010 0.000010 0.000010 0.000010
0.999940 0.000010 0.000010 0.000010 0.000010 0.000010 0.000010
0.999940 0.000010 0.000010 0.000010 0.000010 0.000010 0.000010
0.999940 0.000010 0.000010 0.000010 0.000010 0.000010 0.000010
