0.000010 0.001848 0.001521 0.000010 0.996611
0.000010 0.005437 0.000010 0.003499 0.991044
0.000010 0.000010 0.000010 0.000010 0.999960
0.000010 0.003035 0.000015 0.000010 0.996930
0.000010 0.007278 0.000010 0.000010 0.992692
0.000010 0.000615 0.000010 0.000010 0.999355
0.000010 0.000010 0.000010 0.000010 0.999960
0.000010 0.004855 0.008711 0.000010 0.986414
0.000010 0.001484 0.000010 0.000010 0.998486
0.000010 0.006059 0.000010 0.014188 0.979734
0.000010 0.001170 0.000010 0.002176 0.996634
0.000010 0.006254 0.000010 0.000010 0.993716
0.000010 0.000010 0.000010 0.000010 0.999960
0.000010 0.000010 0.001804 0.000010 0.998166
0.000010 0.011120 0.000010 0.012491 0.976369
0.000010 0.000010 0.000010 0.002259 0.997711
0.000010 0.003268 0.000010 0.000010 0.996702
0.000010 0.000011 0.000010 0.000010 0.999959
0.000010 0.003408 0.001471 0.010965 0.984146
0.000010 0.002801 0.000010 0.000010 0.997169
0.000010 0.000010 0.003822 0.003721 0.992437
0.000010 0.000010 0.000378 0.023676 0.975926
0.000010 0.002487 0.000010 0.005694 0.991798
0.000010 0.009094 0.000010 0.000010 0.990876
0.000010 0.004082 0.003754 0.000010 0.992143
0.000010 0.005545 0.002344 0.000010 0.992092
0.000010 0.002329 0.000010 0.000010 0.997641
0.000010 0.003489 0.005783 0.000010 0.990708
0.000010 0.006437 0.000010 0.000010 0.993533
0.000010 0.004443 0.000819 0.006704 0.988023
0.000010 0.007478 0.000010 0.000010 0.992492
0.000010 0.002328 0.000010 0.005211 0.992440
0.000010 0.003312 0.000010 0.000010 0.996658
0.000015 0.008898 0.000010 0.000010 0.991067
0.000010 0.000010 0.000010 0.000010 0.999960
0.000010 0.007232 0.000010 0.000010 0.992738
0.000010 0.006238 0.000015 0.000010 0.993727
0.000010 0.006429 0.002763 0.000010 0.990788
0.000010 0.006287 0.001847 0.009195 0.982661
0.000010 0.007920 0.000010 0.003860 0.988200
0.000010 0.006626 0.000010 0.000010 0.993344
0.000010 0.009253 0.000010 0.000010 0.990717
0.000010 0.000010 0.000413 0.008684 0.990883
0.000010 0.004098 0.003217 0.011962 0.980713
0.000010 0.002185 0.000010 0.015058 0.982736
0.000010 0.002243 0.000010 0.000010 0.997727
0.000010 0.003439 0.002826 0.000010 0.993715
0.000010 0.008280 0.000010 0.003973 0.987727
0.000010 0.001012 0.000010 0.000010 0.998958
0.000010 0.006322 0.000010 0.000010 0.993648
0.000010 0.003300 0.000010 0.000010 0.996670
0.000010 0.012136 0.000010 0.004448 0.983396
0.000010 0.000215 0.005464 0.000010 0.994301
0.000010 0.004646 0.000010 0.000010 0.995324
0.000010 0.005967 0.005936 0.004141 0.983946
0.000010 0.000010 0.000010 0.000010 0.999960
0.000010 0.000010 0.000010 0.000010 0.999960
0.000010 0.005866 0.000010 0.000572 0.993542
0.000010 0.012574 0.001716 0.000010 0.985691
0.000010 0.000828 0.000010 0.000010 0.999142
0.061926 0.000010 0.033587 0.000010 0.904467
0.055359 0.000010 0.031791 0.000010 0.912830
0.030920 0.000263 0.026459 0.000010 0.942348
0.057765 0.000010 0.023161 0.000010 0.919054
0.078665 0.000018 0.021470 0.000010 0.899838
0.057114 0.000010 0.019968 0.000010 0.922898
0.059624 0.002824 0.014351 0.000010 0.923192
0.065646 0.000010 0.021139 0.000010 0.913195
0.057644 0.013610 0.013575 0.000010 0.915161
0.062614 0.000010 0.028770 0.000010 0.908596
0.059490 0.000010 0.020099 0.000010 0.920391
0.067257 0.000010 0.023726 0.000010 0.908996
0.048605 0.000010 0.010278 0.000010 0.941097
0.074101 0.000010 0.029288 0.000010 0.896591
0.040111 0.000010 0.030424 0.004037 0.925418
0.052971 0.000010 0.026390 0.000010 0.920619
0.048263 0.000010 0.020894 0.003358 0.927475
0.000010 0.004967 0.000010 0.008719 0.986294
0.000010 0.001407 0.007235 0.030841 0.960507
0.000010 0.010350 0.000010 0.000010 0.989620
0.000010 0.000010 0.001475 0.000010 0.998495
0.000010 0.000940 0.000010 0.009981 0.989059
0.000010 0.010494 0.000010 0.000738 0.988748
0.000010 0.002256 0.000010 0.000010 0.997714
0.000010 0.000010 0.003782 0.001859 0.994338
0.000010 0.000129 0.000010 0.000010 0.999841
0.000010 0.006532 0.000010 0.007603 0.985845
0.000010 0.004204 0.000010 0.000010 0.995766
0.000010 0.010071 0.000010 0.000010 0.989899
0.000010 0.003984 0.000010 0.003652 0.992344
0.000010 0.008280 0.003780 0.005145 0.982786
0.000010 0.003794 0.000010 0.009233 0.986953
0.016484 0.009544 0.006633 0.003062 0.964278
0.000010 0.000010 0.000010 0.005679 0.994291
0.000010 0.002247 0.000010 0.012358 0.985375
0.000010 0.004789 0.000010 0.000010 0.995181
0.000010 0.001280 0.000010 0.000010 0.998690
0.000010 0.000010 0.000010 0.000010 0.999960
0.000010 0.006311 0.000010 0.000010 0.993659
0.000010 0.003329 0.000010 0.000010 0.996641
0.000010 0.001109 0.000010 0.000010 0.998861
0.000010 0.003933 0.005677 0.000010 0.990370
0.000010 0.009102 0.000010 0.000010 0.990868
0.000010 0.000010 0.000010 0.000010 0.999960
0.000010 0.004234 0.000010 0.000010 0.995736
0.000010 0.000473 0.000010 0.000652 0.998855
0.000010 0.000010 0.000010 0.010380 0.989590
0.000010 0.005166 0.000010 0.009316 0.985499
0.000010 0.000010 0.000010 0.000010 0.999960
0.064977 0.000010 0.012659 0.000010 0.922344
0.080467 0.000010 0.018119 0.000010 0.901394
0.046640 0.000010 0.016311 0.000010 0.937028
0.057737 0.003709 0.029751 0.000010 0.908793
0.043480 0.000010 0.017133 0.000010 0.939367
0.081426 0.000010 0.020949 0.000010 0.897605
0.081793 0.004381 0.026440 0.000010 0.887376
0.041275 0.000010 0.021185 0.000010 0.937520
0.041800 0.000010 0.030860 0.000010 0.927319
0.037067 0.002577 0.017868 0.000010 0.942477
0.065081 0.000010 0.025131 0.000010 0.909769
0.030126 0.000010 0.020387 0.000010 0.949467
0.064620 0.000010 0.012386 0.000010 0.922974
0.072132 0.000010 0.004625 0.000010 0.923223
0.054329 0.000010 0.023876 0.000010 0.921776
0.067524 0.000010 0.015161 0.000010 0.917296
0.061888 0.000010 0.017390 0.000010 0.920702
0.070394 0.000010 0.019489 0.000010 0.910096
0.051746 0.000010 0.028377 0.000010 0.919857
0.067865 0.000010 0.023817 0.000010 0.908298
0.054179 0.000013 0.014410 0.000010 0.931388
0.070724 0.000010 0.022482 0.000010 0.906774
0.060209 0.001890 0.020958 0.000010 0.916933
0.058310 0.000010 0.009865 0.000010 0.931806
0.069504 0.005224 0.019353 0.000010 0.905909
0.048582 0.003846 0.029685 0.000010 0.917876
0.041613 0.000010 0.020251 0.000010 0.938116
0.039485 0.002078 0.007965 0.000010 0.950462
0.048957 0.000010 0.020796 0.000010 0.930227
0.066643 0.000010 0.009901 0.000010 0.923436
0.062340 0.000010 0.016726 0.000010 0.920914
0.047245 0.000010 0.007626 0.000010 0.945108
0.061253 0.000010 0.017227 0.000010 0.921500
0.055647 0.001429 0.027722 0.000010 0.915192
0.062418 0.000010 0.022892 0.000010 0.914670
0.064038 0.000010 0.016086 0.000010 0.919856
0.075015 0.000010 0.018548 0.000010 0.906417
0.066471 0.000014 0.020180 0.000010 0.913325
0.051725 0.000010 0.023686 0.000010 0.924570
0.072591 0.000010 0.018552 0.000010 0.908837
0.028153 0.000010 0.029625 0.000010 0.942201
0.035609 0.000998 0.013655 0.000010 0.949728
0.055273 0.000010 0.027762 0.000010 0.916945
0.052618 0.000010 0.015637 0.000010 0.931725
0.050794 0.007806 0.029930 0.000010 0.911460
0.035994 0.000010 0.012537 0.000010 0.951448
0.049656 0.000010 0.030824 0.000010 0.919500
0.057132 0.000010 0.023108 0.000010 0.919740
0.036700 0.000010 0.019061 0.000010 0.944218
0.060656 0.000202 0.006059 0.000697 0.932385
0.068130 0.000010 0.015963 0.000010 0.915887
0.043784 0.009403 0.011774 0.004361 0.930678
0.055517 0.000010 0.028030 0.000010 0.916433
0.068780 0.000010 0.021489 0.000010 0.909711
0.021899 0.000010 0.012325 0.008503 0.957262
0.049831 0.000010 0.027126 0.000010 0.923024
0.048004 0.000010 0.011137 0.000010 0.940839
0.063272 0.002004 0.019211 0.000010 0.915504
0.024344 0.005992 0.002961 0.000010 0.966693
0.055041 0.000010 0.024182 0.000010 0.920757
0.066848 0.000010 0.024537 0.000010 0.908595
0.040392 0.000010 0.019949 0.000010 0.939639
0.052977 0.000010 0.026973 0.000010 0.920030
0.055756 0.000010 0.021684 0.000010 0.922541
0.080058 0.000010 0.034277 0.000010 0.885645
0.032499 0.000010 0.021691 0.000010 0.945790
0.058195 0.000010 0.021027 0.000010 0.920759
0.071551 0.000010 0.028794 0.000010 0.899635
0.056213 0.000010 0.022357 0.002938 0.918482
0.049862 0.000825 0.030866 0.000010 0.918438
0.062065 0.000010 0.015852 0.000010 0.922063
0.057859 0.000010 0.027137 0.000010 0.914983
0.061858 0.000010 0.033611 0.000010 0.904511
0.068263 0.000010 0.029456 0.000010 0.902261
0.053097 0.000010 0.032422 0.000010 0.914461
0.050442 0.008528 0.009737 0.000010 0.931284
0.053261 0.003999 0.012436 0.000010 0.930294
0.074742 0.000010 0.024522 0.000010 0.900716
0.063360 0.001195 0.019649 0.000010 0.915785
0.034175 0.000010 0.013572 0.000010 0.952233
0.145830 0.000010 0.026804 0.000010 0.827345
0.060900 0.000010 0.018551 0.000010 0.920529
0.064407 0.000010 0.017963 0.000010 0.917610
0.029532 0.000010 0.000018 0.000010 0.970430
0.051725 0.000010 0.009469 0.000010 0.938786
0.064492 0.000010 0.028807 0.000010 0.906681
0.058864 0.000010 0.025435 0.000010 0.915681
0.059435 0.000010 0.019273 0.000010 0.921272
0.999952 0.000010 0.000014 0.000013 0.000010
0.999960 0.000010 0.000010 0.000010 0.000010
0.999960 0.000010 0.000010 0.000010 0.000010
0.999960 0.000010 0.000010 0.000010 0.000010
0.999960 0.000010 0.000010 0.000010 0.000010
0.999960 0.000010 0.000010 0.000010 0.000010
0.999960 0.000010 0.000010 0.000010 0.000010
0.999960 0.000010 0.000010 0.000010 0.000010
0.999960 0.000010 0.000010 0.000010 0.000010
0.999960 0.000010 0.000010 0.000010 0.000010
0.999956 0.000014 0.000010 0.000010 0.000010
0.999960 0.000010 0.000010 0.000010 0.000010
0.999960 0.000010 0.000010 0.000010 0.000010
0.999960 0.000010 0.000010 0.000010 0.000010
0.999960 0.000010 0.000010 0.000010 0.000010
0.999960 0.000010 0.000010 0.000010 0.000010
0.999960 0.000010 0.000010 0.000010 0.000010
0.999960 0.000010 0.000010 0.000010 0.000010
0.999960 0.000010 0.000010 0.000010 0.000010
0.999960 0.000010 0.000010 0.000010 0.000010
0.999960 0.000010 0.000010 0.000010 0.000010
0.999960 0.000010 0.000010 0.000010 0.000010
0.999960 0.000010 0.000010 0.000010 0.000010
0.999960 0.000010 0.000010 0.000010 0.000010
0.999960 0.000010 0.000010 0.000010 0.000010
0.999960 0.000010 0.000010 0.000010 0.000010
0.999960 0.000010 0.000010 0.000010 0.000010
0.999960 0.000010 0.000010 0.000010 0.000010
0.999960 0.000010 0.000010 0.000010 0.000010
0.999960 0.000010 0.000010 0.000010 0.000010
0.999960 0.000010 0.000010 0.000010 0.000010
0.999960 0.000010 0.000010 0.000010 0.000010
0.999959 0.000010 0.000010 0.000011 0.000010
0.999960 0.000010 0.000010 0.000010 0.000010
0.999960 0.000010 0.000010 0.000010 0.000010
0.999960 0.000010 0.000010 0.000010 0.000010
0.999960 0.000010 0.000010 0.000010 0.000010
0.999960 0.000010 0.000010 0.000010 0.000010
0.999960 0.000010 0.000010 0.000010 0.000010
0.999960 0.000010 0.000010 0.000010 0.000010
0.999958 0.000012 0.000010 0.000010 0.000010
0.999960 0.000010 0.000010 0.000010 0.000010
0.000010 0.111064 0.152732 0.000010 0.736184
0.000010 0.201214 0.192032 0.000010 0.606734
0.000010 0.094752 0.127255 0.000010 0.777973
0.999960 0.000010 0.000010 0.000010 0.000010
0.999949 0.000018 0.000010 0.000012 0.000010
0.999960 0.000010 0.000010 0.000010 0.000010
0.999960 0.000010 0.000010 0.000010 0.000010
0.999960 0.000010 0.000010 0.000010 0.000010
0.999960 0.000010 0.000010 0.000010 0.000010
0.999960 0.000010 0.000010 0.000010 0.000010
0.999960 0.000010 0.000010 0.000010 0.000010
0.999960 0.000010 0.000010 0.000010 0.000010
0.999960 0.000010 0.000010 0.000010 0.000010
0.999960 0.000010 0.000010 0.000010 0.000010
0.995514 0.004456 0.000010 0.000010 0.000010
0.992608 0.000010 0.007362 0.000010 0.000010
0.999960 0.000010 0.000010 0.000010 0.000010
0.999960 0.000010 0.000010 0.000010 0.000010
0.999960 0.000010 0.000010 0.000010 0.000010
0.999960 0.000010 0.000010 0.000010 0.000010
0.999960 0.000010 0.000010 0.000010 0.000010
0.999960 0.000010 0.000010 0.000010 0.000010
0.999960 0.000010 0.000010 0.000010 0.000010
0.998818 0.000010 0.001152 0.000010 0.000010
0.999960 0.000010 0.000010 0.000010 0.000010
0.999960 0.000010 0.000010 0.000010 0.000010
0.999960 0.000010 0.000010 0.000010 0.000010
0.999960 0.000010 0.000010 0.000010 0.000010
0.999960 0.000010 0.000010 0.000010 0.000010
0.999960 0.000010 0.000010 0.000010 0.000010
0.999960 0.000010 0.000010 0.000010 0.000010
0.999960 0.000010 0.000010 0.000010 0.000010
0.999960 0.000010 0.000010 0.000010 0.000010
0.999960 0.000010 0.000010 0.000010 0.000010
0.999960 0.000010 0.000010 0.000010 0.000010
0.999960 0.000010 0.000010 0.000010 0.000010
0.999960 0.000010 0.000010 0.000010 0.000010
0.999960 0.000010 0.000010 0.000010 0.000010
0.000010 0.171898 0.135269 0.000010 0.692813
0.000010 0.189798 0.156840 0.000010 0.653342
0.000010 0.096550 0.118194 0.001709 0.783537
0.000010 0.098591 0.166587 0.008134 0.726678
0.999958 0.000010 0.000010 0.000012 0.000010
0.999960 0.000010 0.000010 0.000010 0.000010
0.999960 0.000010 0.000010 0.000010 0.000010
0.999960 0.000010 0.000010 0.000010 0.000010
0.999959 0.000011 0.000010 0.000010 0.000010
0.999960 0.000010 0.000010 0.000010 0.000010
0.999955 0.000010 0.000010 0.000015 0.000010
0.999960 0.000010 0.000010 0.000010 0.000010
0.999960 0.000010 0.000010 0.000010 0.000010
0.999960 0.000010 0.000010 0.000010 0.000010
0.999960 0.000010 0.000010 0.000010 0.000010
0.999960 0.000010 0.000010 0.000010 0.000010
0.999960 0.000010 0.000010 0.000010 0.000010
0.999960 0.000010 0.000010 0.000010 0.000010
0.999960 0.000010 0.000010 0.000010 0.000010
0.999960 0.000010 0.000010 0.000010 0.000010
0.999960 0.000010 0.000010 0.000010 0.000010
0.999960 0.000010 0.000010 0.000010 0.000010
0.999960 0.000010 0.000010 0.000010 0.000010
0.999960 0.000010 0.000010 0.000010 0.000010
0.999960 0.000010 0.000010 0.000010 0.000010
0.999958 0.000010 0.000010 0.000012 0.000010
0.999960 0.000010 0.000010 0.000010 0.000010
0.999960 0.000010 0.000010 0.000010 0.000010
0.999956 0.000014 0.000010 0.000010 0.000010
0.999960 0.000010 0.000010 0.000010 0.000010
0.999960 0.000010 0.000010 0.000010 0.000010
0.999960 0.000010 0.000010 0.000010 0.000010
0.000010 0.044750 0.077285 0.000010 0.877945
0.000010 0.075966 0.135376 0.006739 0.781909
0.000010 0.121842 0.207863 0.000010 0.670275
0.000010 0.070755 0.117254 0.000010 0.811970
0.000010 0.096297 0.100172 0.005463 0.798057
0.000010 0.064370 0.062269 0.002232 0.871119
0.000010 0.128965 0.155915 0.000010 0.715100
0.000010 0.079489 0.053496 0.003655 0.863350
0.000010 0.120009 0.231203 0.000010 0.648768
0.999960 0.000010 0.000010 0.000010 0.000010
0.999960 0.000010 0.000010 0.000010 0.000010
0.996207 0.003763 0.000010 0.000010 0.000010
0.999955 0.000010 0.000010 0.000015 0.000010
0.994186 0.005784 0.000010 0.000010 0.000010
0.998284 0.001686 0.000010 0.000010 0.000010
0.998831 0.001139 0.000010 0.000010 0.000010
0.999953 0.000017 0.000010 0.000010 0.000010
0.999960 0.000010 0.000010 0.000010 0.000010
0.999960 0.000010 0.000010 0.000010 0.000010
0.999956 0.000014 0.000010 0.000010 0.000010
0.999960 0.000010 0.000010 0.000010 0.000010
0.999960 0.000010 0.000010 0.000010 0.000010
0.999960 0.000010 0.000010 0.000010 0.000010
0.999795 0.000175 0.000010 0.000010 0.000010
0.000010 0.100124 0.096352 0.000621 0.802893
0.000010 0.130730 0.147818 0.000010 0.721432
0.000010 0.242840 0.144250 0.000010 0.612890
0.000010 0.225437 0.215274 0.000010 0.559270
0.000010 0.235907 0.188061 0.000010 0.576012
0.000010 0.077897 0.173419 0.008714 0.739960
0.000010 0.144842 0.125739 0.000010 0.729399
0.000010 0.138852 0.167596 0.017958 0.675584
0.000010 0.101885 0.123441 0.000010 0.774653
0.000010 0.085678 0.148839 0.000010 0.765463
0.000010 0.370797 0.130454 0.000010 0.498729
0.000010 0.190327 0.121474 0.000010 0.688179
0.000010 0.081593 0.143438 0.008863 0.766096
0.000010 0.094142 0.146826 0.000010 0.759012
0.000010 0.099788 0.174149 0.000010 0.726042
0.000010 0.066841 0.151787 0.002963 0.778398
0.000010 0.103256 0.136730 0.007234 0.752770
0.000010 0.089592 0.155676 0.013303 0.741419
0.000010 0.111113 0.061071 0.000010 0.827796
0.000010 0.200262 0.183133 0.000010 0.616586
0.000010 0.173579 0.133568 0.000010 0.692833
0.000010 0.114692 0.206253 0.000010 0.679035
0.000010 0.219293 0.165469 0.000010 0.615218
0.000010 0.116163 0.164180 0.000010 0.719637
0.000010 0.141327 0.131904 0.001683 0.725076
0.000010 0.141659 0.197031 0.000010 0.661290
0.000010 0.199290 0.112923 0.021260 0.666517
0.000010 0.161083 0.153382 0.003035 0.682490
0.000010 0.265997 0.132490 0.000010 0.601493
0.000010 0.147183 0.138122 0.008518 0.706167
0.000010 0.115302 0.147667 0.004717 0.732303
0.000010 0.112265 0.167325 0.000010 0.720389
0.000010 0.106387 0.146224 0.000010 0.747369
0.000010 0.177940 0.191769 0.000010 0.630271
0.000010 0.176802 0.131846 0.003885 0.687457
0.000010 0.107535 0.123287 0.010302 0.758867
0.000010 0.097745 0.088260 0.000010 0.813975
0.000010 0.249059 0.137376 0.000010 0.613546
0.000010 0.654905 0.066209 0.000010 0.278866
0.000010 0.139957 0.154360 0.000010 0.705663
0.000010 0.119160 0.155195 0.000010 0.725626
0.000010 0.041533 0.083314 0.000010 0.875133
0.000010 0.028155 0.309421 0.000424 0.661990
0.000015 0.036987 0.131173 0.000010 0.831815
0.000010 0.070230 0.309711 0.021567 0.598483
0.000010 0.079070 0.243426 0.001514 0.675981
0.000010 0.154953 0.312792 0.000010 0.532235
0.000010 0.113374 0.275402 0.000010 0.611204
0.000010 0.075370 0.271800 0.000303 0.652518
0.000010 0.070349 0.283405 0.000010 0.646226
0.000010 0.041178 0.166723 0.000010 0.792079
0.000010 0.137794 0.230032 0.000010 0.632154
0.000010 0.101280 0.288614 0.000010 0.610086
0.000010 0.039494 0.381540 0.000010 0.578946
0.000010 0.191125 0.316021 0.000010 0.492834
0.000010 0.056142 0.295603 0.000010 0.648235
0.000010 0.200356 0.398268 0.000116 0.401250
0.000010 0.070139 0.278135 0.009062 0.642654
0.000010 0.124766 0.476206 0.000010 0.399009
0.000010 0.204913 0.175221 0.000961 0.618894
0.000010 0.131959 0.181630 0.000010 0.686391
0.000010 0.115499 0.135036 0.000010 0.749445
0.000010 0.238889 0.145534 0.000010 0.615557
0.000010 0.055557 0.048887 0.048776 0.846771
0.000010 0.136512 0.162021 0.010616 0.690841
0.000010 0.203729 0.156787 0.000010 0.639464
0.000010 0.098250 0.056696 0.000010 0.845034
0.000010 0.093126 0.131952 0.000010 0.774902
0.000010 0.102341 0.158150 0.000101 0.739398
0.000010 0.087542 0.195195 0.008486 0.708767
0.000010 0.144915 0.162341 0.010817 0.681917
0.000010 0.132247 0.180318 0.000010 0.687415
0.000010 0.197023 0.254448 0.000010 0.548509
0.000010 0.237608 0.227673 0.000010 0.534699
0.000010 0.182366 0.228299 0.000010 0.589315
0.000010 0.098709 0.198882 0.000449 0.701949
0.000010 0.084968 0.141955 0.000010 0.773057
0.000010 0.210675 0.140416 0.000010 0.648889
0.000010 0.059680 0.097881 0.016798 0.825631
0.000010 0.137532 0.134055 0.005747 0.722657
0.000010 0.138553 0.125934 0.004688 0.730814
0.000010 0.690762 0.077745 0.002500 0.228983
0.000010 0.521962 0.059201 0.000010 0.418817
0.000010 0.218063 0.168543 0.000010 0.613374
0.000010 0.125774 0.112942 0.017634 0.743641
0.000013 0.098331 0.323009 0.000010 0.578637
0.000010 0.036360 0.278853 0.000010 0.684767
0.000010 0.056093 0.231851 0.000010 0.712036
0.000010 0.197561 0.296644 0.000010 0.505775
0.000010 0.023841 0.183560 0.000010 0.792578
0.000010 0.036182 0.300594 0.000010 0.663203
0.000010 0.053002 0.127051 0.000010 0.819926
0.000010 0.154482 0.333740 0.000010 0.511758
0.000010 0.080941 0.270141 0.000010 0.648898
0.000010 0.098730 0.270791 0.000010 0.630458
0.000010 0.191796 0.326808 0.018146 0.463240
0.000010 0.029824 0.036617 0.000010 0.933538
0.000010 0.028154 0.372511 0.000010 0.599315
0.000010 0.038965 0.286583 0.000010 0.674432
0.000010 0.039355 0.276182 0.000010 0.684443
0.000010 0.087251 0.231650 0.000010 0.681079
0.000010 0.260526 0.141831 0.000010 0.597623
0.000010 0.141042 0.201044 0.003351 0.654554
0.000010 0.140141 0.188085 0.012730 0.659034
0.000010 0.168488 0.186986 0.000010 0.644506
0.000010 0.243936 0.165771 0.000010 0.590272
0.000010 0.108745 0.090235 0.014212 0.786799
0.000010 0.150995 0.139683 0.000010 0.709302
0.000010 0.131255 0.162912 0.000010 0.705813
0.000010 0.156051 0.098848 0.000010 0.745081
0.000010 0.130123 0.196439 0.000010 0.673418
0.000010 0.006124 0.000010 0.005941 0.987915
0.000010 0.014434 0.627028 0.013375 0.345153
0.000010 0.362755 0.230393 0.004110 0.402733
0.000010 0.047459 0.431482 0.000010 0.521040
0.000010 0.072694 0.244133 0.000010 0.683152
0.000010 0.059923 0.415680 0.000010 0.524377
0.000010 0.088920 0.407676 0.000010 0.503384
0.000010 0.029219 0.302786 0.000010 0.667975
0.000010 0.042917 0.208467 0.005609 0.742996
0.000010 0.037177 0.165331 0.000010 0.797471
0.000010 0.077238 0.313601 0.009720 0.599431
0.000010 0.028336 0.321739 0.000010 0.649905
0.000010 0.064101 0.272305 0.000010 0.663575
0.000010 0.074100 0.250518 0.012025 0.663347
0.000010 0.131974 0.240157 0.000010 0.627849
0.000010 0.189221 0.327731 0.000010 0.483028
0.000010 0.153697 0.287943 0.000010 0.558340
0.004538 0.119261 0.285676 0.000010 0.590515
0.000010 0.140495 0.545346 0.000010 0.314139
0.000010 0.059718 0.322080 0.000010 0.618183
0.000010 0.037316 0.280169 0.000010 0.682495
0.000010 0.155172 0.327465 0.005897 0.511455
0.000010 0.113503 0.328591 0.000010 0.557886
0.000010 0.053289 0.397409 0.000010 0.549281
0.000010 0.044079 0.257480 0.000010 0.698421
0.000010 0.075414 0.240974 0.000010 0.683592
0.000010 0.074913 0.141004 0.000667 0.783406
0.000010 0.288715 0.323576 0.000010 0.387690
0.000010 0.186364 0.198860 0.000010 0.614756
0.000010 0.225084 0.135182 0.008946 0.630778
0.000010 0.094694 0.128892 0.000010 0.776394
0.000010 0.195306 0.220180 0.000337 0.584167
0.000010 0.180493 0.174765 0.013612 0.631120
0.000010 0.180980 0.179666 0.000010 0.639334
0.000010 0.177885 0.176944 0.000010 0.645151
0.000010 0.124249 0.125015 0.000010 0.750716
0.000010 0.105169 0.226783 0.007285 0.660753
0.000010 0.161785 0.208789 0.008261 0.621155
0.000010 0.155969 0.181501 0.000010 0.662510
0.000010 0.116527 0.287322 0.001820 0.594321
0.000010 0.041444 0.257056 0.000010 0.701480
0.000010 0.055248 0.555558 0.003407 0.385777
0.000010 0.030081 0.116292 0.005470 0.848147
0.000010 0.041189 0.040236 0.000010 0.918555
0.000010 0.186819 0.244094 0.000010 0.569068
0.000010 0.040824 0.429685 0.008021 0.521460
0.000010 0.066584 0.613954 0.000010 0.319442
0.000010 0.115409 0.303390 0.005103 0.576089
0.000010 0.082902 0.256970 0.008670 0.651449
0.000010 0.050531 0.434294 0.000010 0.515155
0.000010 0.068598 0.405661 0.000010 0.525721
0.000010 0.048318 0.443920 0.000010 0.507742
0.000010 0.188462 0.397849 0.000010 0.413669
0.000010 0.299225 0.331553 0.000010 0.369202
0.000010 0.198069 0.332532 0.000010 0.469378
0.000010 0.030787 0.188569 0.000010 0.780624
0.000010 0.031025 0.196002 0.000618 0.772345
0.000010 0.059113 0.371296 0.000010 0.569572
0.000010 0.037630 0.162121 0.000010 0.800229
0.000010 0.049595 0.130039 0.000010 0.820346
0.000010 0.376994 0.285467 0.000010 0.337518
0.000010 0.047127 0.381898 0.008711 0.562254
0.000010 0.162764 0.151584 0.000010 0.685633
0.000010 0.028156 0.142183 0.005831 0.823819
0.000010 0.039658 0.167491 0.000109 0.792733
0.000010 0.045096 0.219250 0.012856 0.722789
0.000010 0.101626 0.435762 0.004379 0.458223
0.000010 0.137245 0.406759 0.000010 0.455976
0.000010 0.062192 0.390593 0.000010 0.547195
0.000010 0.063293 0.378507 0.000010 0.558180
0.000010 0.036980 0.000010 0.000010 0.962990
0.000010 0.046462 0.000010 0.000010 0.953508
0.000010 0.019832 0.000010 0.001431 0.978717
0.000010 0.029775 0.002739 0.000010 0.967465
0.000010 0.047050 0.000010 0.005450 0.947480
0.000010 0.034265 0.000010 0.006264 0.959451
0.000010 0.040912 0.000010 0.000010 0.959058
0.000010 0.029397 0.000010 0.000010 0.970573
0.000010 0.021883 0.000010 0.000010 0.978087
0.000010 0.017422 0.002985 0.000010 0.979573
0.000010 0.004467 0.000010 0.000010 0.995503
0.000010 0.004844 0.000010 0.000010 0.995126
0.000010 0.009830 0.000010 0.000010 0.990140
0.000010 0.013736 0.000010 0.000010 0.986234
0.000010 0.011864 0.000010 0.000010 0.988106
0.000010 0.005817 0.000010 0.000010 0.994153
0.000010 0.032424 0.000010 0.000010 0.967546
0.000010 0.039744 0.000010 0.008619 0.951617
0.000010 0.044853 0.000010 0.000010 0.955117
0.000010 0.040367 0.000010 0.000010 0.959603
0.000010 0.038300 0.000010 0.004960 0.956720
0.000010 0.041494 0.000010 0.000010 0.958476
0.000010 0.028529 0.000010 0.000010 0.971441
0.000010 0.027958 0.000010 0.000010 0.972012
0.000010 0.076626 0.227057 0.000010 0.696297
0.000010 0.394866 0.246749 0.000010 0.358365
0.000010 0.242883 0.352074 0.012634 0.392399
0.000010 0.010634 0.750233 0.000010 0.239113
0.000010 0.034237 0.497791 0.000010 0.467952
0.000010 0.005285 0.729672 0.000010 0.265024
0.000010 0.000010 0.999960 0.000010 0.000010
0.000010 0.081087 0.475959 0.000010 0.442934
0.000010 0.019856 0.667827 0.000107 0.312200
0.000010 0.001860 0.004950 0.778944 0.214235
0.000010 0.009043 0.011244 0.758150 0.221553
0.000010 0.008406 0.001867 0.745974 0.243743
0.000010 0.000016 0.000010 0.735812 0.264153
0.998597 0.001373 0.000010 0.000010 0.000010
0.966184 0.006288 0.000010 0.027507 0.000010
0.992046 0.004479 0.000010 0.003455 0.000010
0.986021 0.007831 0.000010 0.006127 0.000010
0.985627 0.000010 0.000010 0.014343 0.000010
0.999960 0.000010 0.000010 0.000010 0.000010
0.000010 0.042818 0.000010 0.000010 0.957152
0.000010 0.041397 0.000010 0.000010 0.958573
0.000010 0.026737 0.000010 0.000010 0.973233
0.000010 0.028721 0.000010 0.000010 0.971249
0.000010 0.033243 0.000010 0.000010 0.966727
0.000010 0.026757 0.000010 0.000010 0.973213
0.000010 0.038144 0.000010 0.000010 0.961826
0.000010 0.035968 0.000010 0.000010 0.964002
0.000010 0.026077 0.000010 0.000010 0.973893
0.000010 0.029033 0.000010 0.008798 0.962150
0.000010 0.041439 0.000010 0.000010 0.958531
0.003717 0.036516 0.012082 0.009572 0.938113
0.000010 0.027359 0.000010 0.012106 0.960515
0.000010 0.034089 0.000010 0.000010 0.965881
0.000010 0.046182 0.000010 0.000010 0.953788
0.000010 0.041060 0.000010 0.000010 0.958910
0.000010 0.027267 0.000010 0.000010 0.972703
0.000010 0.051740 0.000010 0.004698 0.943543
0.000010 0.085886 0.000010 0.010698 0.903397
0.000010 0.070767 0.000010 0.000010 0.929203
0.000010 0.022813 0.000010 0.000010 0.977157
0.000010 0.026834 0.000010 0.000010 0.973136
0.000010 0.048568 0.000010 0.024617 0.926795
0.000010 0.057308 0.000010 0.000010 0.942662
0.000010 0.021795 0.000010 0.000010 0.978175
0.000010 0.025611 0.000010 0.008467 0.965902
0.000010 0.019760 0.000010 0.000010 0.980210
0.000010 0.025290 0.000010 0.000010 0.974680
0.000010 0.014927 0.000010 0.000010 0.985043
0.000010 0.023435 0.000010 0.000010 0.976535
0.000010 0.024675 0.000010 0.000010 0.975295
0.000010 0.024228 0.000010 0.000010 0.975742
0.000010 0.022327 0.000010 0.000010 0.977643
0.000010 0.017105 0.000010 0.000010 0.982865
0.000010 0.041990 0.002423 0.000010 0.955566
0.000010 0.031506 0.000010 0.000010 0.968464
0.000010 0.065001 0.000010 0.000395 0.934584
0.000010 0.072516 0.000010 0.000010 0.927454
0.000010 0.043316 0.000010 0.000010 0.956654
0.000010 0.037273 0.000010 0.000010 0.962697
0.000010 0.008214 0.000010 0.000010 0.991756
0.000010 0.008443 0.000010 0.000010 0.991527
0.000010 0.046727 0.000010 0.002267 0.950987
0.000010 0.041176 0.000010 0.000010 0.958794
0.000010 0.041851 0.000010 0.001795 0.956334
0.000010 0.032433 0.000010 0.000010 0.967537
0.000010 0.045311 0.000010 0.000010 0.954659
0.000010 0.033501 0.000010 0.004024 0.962455
0.000010 0.026931 0.000010 0.000010 0.973039
0.000010 0.032127 0.000010 0.003771 0.964083
0.000010 0.035220 0.000010 0.000010 0.964750
0.000010 0.044140 0.000010 0.000010 0.955830
0.000010 0.029834 0.000010 0.000010 0.970136
0.000010 0.026603 0.000010 0.000010 0.973367
0.000010 0.030043 0.000621 0.000010 0.969316
0.000010 0.051007 0.002317 0.000010 0.946656
0.000010 0.040849 0.000010 0.006922 0.952209
0.000010 0.032186 0.000010 0.001628 0.966165
0.000010 0.040208 0.000010 0.000010 0.959762
0.000010 0.019884 0.000010 0.000010 0.980086
0.000010 0.027704 0.000010 0.006315 0.965961
0.000010 0.017390 0.000010 0.000010 0.982580
0.000010 0.018086 0.000010 0.023447 0.958447
0.000010 0.022271 0.000010 0.000010 0.977699
0.000010 0.021496 0.000010 0.000010 0.978474
0.000010 0.029612 0.000010 0.000010 0.970358
0.000010 0.034841 0.000010 0.000010 0.965129
0.000010 0.030190 0.000010 0.001667 0.968123
0.000010 0.015734 0.000010 0.002681 0.981565
0.000010 0.017909 0.000010 0.000010 0.982061
0.000010 0.006176 0.000010 0.000010 0.993794
0.000010 0.006796 0.000010 0.014620 0.978563
0.000010 0.007658 0.000010 0.011332 0.980991
0.999960 0.000010 0.000010 0.000010 0.000010
0.997879 0.002091 0.000010 0.000010 0.000010
0.999960 0.000010 0.000010 0.000010 0.000010
0.999960 0.000010 0.000010 0.000010 0.000010
0.999960 0.000010 0.000010 0.000010 0.000010
0.999958 0.000010 0.000010 0.000012 0.000010
0.999960 0.000010 0.000010 0.000010 0.000010
0.999960 0.000010 0.000010 0.000010 0.000010
0.999960 0.000010 0.000010 0.000010 0.000010
0.998745 0.001225 0.000010 0.000010 0.000010
0.999960 0.000010 0.000010 0.000010 0.000010
0.999960 0.000010 0.000010 0.000010 0.000010
0.995867 0.004103 0.000010 0.000010 0.000010
0.999958 0.000012 0.000010 0.000010 0.000010
0.999960 0.000010 0.000010 0.000010 0.000010
0.999960 0.000010 0.000010 0.000010 0.000010
0.999960 0.000010 0.000010 0.000010 0.000010
0.999960 0.000010 0.000010 0.000010 0.000010
0.999960 0.000010 0.000010 0.000010 0.000010
0.995089 0.004881 0.000010 0.000010 0.000010
0.999960 0.000010 0.000010 0.000010 0.000010
0.999960 0.000010 0.000010 0.000010 0.000010
0.997450 0.002519 0.000012 0.000010 0.000010
0.996340 0.003630 0.000010 0.000010 0.000010
0.982626 0.005223 0.000010 0.012131 0.000010
0.994563 0.005407 0.000010 0.000010 0.000010
0.985051 0.002674 0.000010 0.012255 0.000010
0.988993 0.010977 0.000010 0.000010 0.000010
0.979938 0.003352 0.000010 0.016691 0.000010
0.981442 0.008294 0.000010 0.010244 0.000010
0.991229 0.008741 0.000010 0.000010 0.000010
0.981005 0.000010 0.000010 0.018965 0.000010
0.988458 0.011512 0.000010 0.000010 0.000010
0.999960 0.000010 0.000010 0.000010 0.000010
0.972596 0.000885 0.000010 0.026499 0.000010
0.989113 0.010750 0.000010 0.000117 0.000010
0.974831 0.006819 0.000010 0.018329 0.000010
0.995915 0.003932 0.000010 0.000134 0.000010
0.996750 0.003220 0.000010 0.000010 0.000010
0.996294 0.003676 0.000010 0.000010 0.000010
0.994993 0.001029 0.000010 0.003959 0.000010
0.979293 0.000010 0.000010 0.020677 0.000010
0.995347 0.003172 0.001460 0.000010 0.000010
0.989210 0.002128 0.000010 0.008641 0.000010
0.988867 0.011103 0.000010 0.000010 0.000010
0.997542 0.002428 0.000010 0.000010 0.000010
0.997429 0.000010 0.002541 0.000010 0.000010
0.975627 0.003688 0.000010 0.020666 0.000010
0.994334 0.005636 0.000010 0.000010 0.000010
0.999960 0.000010 0.000010 0.000010 0.000010
0.994438 0.005532 0.000010 0.000010 0.000010
0.984097 0.013923 0.000010 0.001959 0.000010
0.995697 0.000010 0.000010 0.004273 0.000010
0.996507 0.003463 0.000010 0.000010 0.000010
0.976654 0.009935 0.000010 0.013391 0.000010
0.991142 0.008828 0.000010 0.000010 0.000010
0.000010 0.844255 0.000010 0.006658 0.149067
0.035550 0.552574 0.003063 0.346845 0.061968
0.000010 0.961785 0.001043 0.004152 0.033009
0.000010 0.861543 0.000010 0.000010 0.138427
0.000010 0.940617 0.000010 0.005114 0.054248
0.000010 0.888680 0.000010 0.000010 0.111290
0.000010 0.966881 0.000862 0.000010 0.032237
0.000010 0.880851 0.000668 0.000010 0.118462
0.000010 0.066301 0.806603 0.000010 0.127076
0.000010 0.131819 0.619009 0.000010 0.249152
0.000010 0.911217 0.000010 0.000010 0.088753
0.000010 0.972177 0.002251 0.000010 0.025552
0.000010 0.907130 0.000010 0.000010 0.092840
0.000010 0.841128 0.009591 0.006453 0.142818
0.000010 0.933058 0.000010 0.000010 0.066912
0.000010 0.015959 0.984011 0.000010 0.000010
0.000010 0.005146 0.851860 0.000010 0.142973
0.000010 0.000010 0.999960 0.000010 0.000010
0.000010 0.006488 0.849010 0.000010 0.144482
0.000010 0.000010 0.999960 0.000010 0.000010
0.068660 0.114125 0.759225 0.000010 0.057980
0.000010 0.000010 0.999960 0.000010 0.000010
0.000010 0.000010 0.999960 0.000010 0.000010
0.000010 0.006058 0.893375 0.000010 0.100547
0.047306 0.103908 0.697785 0.000010 0.150991
0.000010 0.012675 0.821278 0.000010 0.166027
0.000010 0.037776 0.723720 0.000010 0.238484
0.000010 0.000010 0.999960 0.000010 0.000010
0.000010 0.011994 0.866166 0.000010 0.121819
0.000010 0.078683 0.919869 0.000010 0.001428
0.000010 0.014372 0.954226 0.000010 0.031382
0.370827 0.019498 0.582820 0.000010 0.026846
0.000010 0.011061 0.873116 0.000010 0.115804
0.000010 0.042398 0.678987 0.013640 0.264966
0.049317 0.185047 0.744947 0.020679 0.000010
0.000010 0.059740 0.940230 0.000010 0.000010
0.000010 0.000010 0.999960 0.000010 0.000010
0.000010 0.002254 0.997716 0.000010 0.000010
0.000010 0.000010 0.999960 0.000010 0.000010
0.000010 0.925610 0.000010 0.000010 0.074360
0.000010 0.861393 0.000010 0.009207 0.129380
0.000017 0.000010 0.999953 0.000010 0.000010
0.000010 0.088647 0.665073 0.000010 0.246260
0.000010 0.008685 0.701839 0.000010 0.289456
0.000010 0.000010 0.999960 0.000010 0.000010
0.000010 0.018261 0.724702 0.000010 0.257017
0.000010 0.164737 0.611810 0.000010 0.223433
0.000010 0.044867 0.909163 0.000010 0.045950
0.000010 0.000010 0.999960 0.000010 0.000010
0.000010 0.020024 0.746501 0.000010 0.233455
0.000010 0.005117 0.879228 0.000010 0.115635
0.000010 0.010642 0.781838 0.000010 0.207499
0.000010 0.049304 0.799588 0.000010 0.151088
0.000010 0.008625 0.881216 0.000010 0.110139
0.000010 0.925938 0.000010 0.006845 0.067197
0.000010 0.873902 0.002910 0.000010 0.123168
0.057514 0.489272 0.000010 0.073373 0.379831
0.054202 0.740435 0.009212 0.064935 0.131216
0.000010 0.927188 0.000010 0.000010 0.072782
0.000010 0.026080 0.820210 0.000010 0.153690
0.000010 0.000010 0.999960 0.000010 0.000010
0.000010 0.000010 0.999960 0.000010 0.000010
0.000010 0.001397 0.877309 0.002617 0.118667
0.000010 0.013767 0.928921 0.000010 0.057291
0.000010 0.395750 0.354670 0.004208 0.245362
0.000010 0.016543 0.951036 0.000010 0.032401
0.000010 0.861877 0.000010 0.000010 0.138093
0.000010 0.845120 0.000010 0.000010 0.154850
0.000010 0.925300 0.000010 0.000010 0.074670
0.000010 0.977207 0.000010 0.000010 0.022763
0.000010 0.872483 0.000010 0.005015 0.122482
0.900123 0.000010 0.000010 0.099847 0.000010
0.968664 0.001306 0.001099 0.028921 0.000010
0.999960 0.000010 0.000010 0.000010 0.000010
0.980887 0.004512 0.000010 0.014581 0.000010
0.994485 0.005485 0.000010 0.000010 0.000010
0.998552 0.001418 0.000010 0.000010 0.000010
0.996229 0.003741 0.000010 0.000010 0.000010
0.990421 0.009549 0.000010 0.000010 0.000010
0.999960 0.000010 0.000010 0.000010 0.000010
0.998553 0.001417 0.000010 0.000010 0.000010
0.999960 0.000010 0.000010 0.000010 0.000010
0.976133 0.008722 0.000010 0.015124 0.000010
0.994076 0.005894 0.000010 0.000010 0.000010
0.985831 0.000814 0.000010 0.013335 0.000010
0.976775 0.002177 0.000010 0.021028 0.000010
0.979915 0.005769 0.000010 0.014296 0.000010
0.994038 0.005932 0.000010 0.000010 0.000010
0.000010 0.976907 0.000010 0.000010 0.023063
0.000010 0.977721 0.000010 0.000010 0.022249
0.000010 0.935754 0.000010 0.000010 0.064216
0.000010 0.873138 0.000010 0.000010 0.126832
0.983889 0.004486 0.000010 0.011605 0.000010
0.956216 0.010039 0.000010 0.033724 0.000010
0.993760 0.006210 0.000010 0.000010 0.000010
0.966755 0.000010 0.000010 0.033215 0.000010
0.989258 0.007990 0.000010 0.002732 0.000010
0.975350 0.008578 0.000010 0.016052 0.000010
0.972797 0.001771 0.000010 0.025412 0.000010
0.999960 0.000010 0.000010 0.000010 0.000010
0.976211 0.006302 0.000010 0.017467 0.000010
0.999960 0.000010 0.000010 0.000010 0.000010
0.972685 0.000010 0.000010 0.027285 0.000010
0.999381 0.000589 0.000010 0.000010 0.000010
0.996540 0.003430 0.000010 0.000010 0.000010
0.989723 0.007436 0.002821 0.000010 0.000010
0.991527 0.008443 0.000010 0.000010 0.000010
0.995454 0.000010 0.000010 0.004516 0.000010
0.984982 0.004887 0.000010 0.010111 0.000010
0.983597 0.000010 0.000010 0.016373 0.000010
0.986754 0.007511 0.000010 0.005714 0.000010
0.989949 0.005501 0.000010 0.004530 0.000010
0.995972 0.003998 0.000010 0.000010 0.000010
0.000010 0.016271 0.721995 0.000010 0.261714
0.000010 0.130842 0.632657 0.000010 0.236481
0.000010 0.935089 0.000010 0.000010 0.064881
0.000010 0.014164 0.941260 0.000010 0.044556
0.000010 0.000010 0.999960 0.000010 0.000010
0.000010 0.000010 0.999960 0.000010 0.000010
0.000010 0.970802 0.000010 0.000010 0.029168
0.000010 0.840752 0.000010 0.003606 0.155622
0.000010 0.927764 0.002442 0.000010 0.069774
0.967419 0.000010 0.000010 0.032551 0.000010
0.963385 0.006893 0.000010 0.029701 0.000010
0.991620 0.008350 0.000010 0.000010 0.000010
0.995417 0.004553 0.000010 0.000010 0.000010
0.994783 0.005187 0.000010 0.000010 0.000010
0.990292 0.009678 0.000010 0.000010 0.000010
0.996713 0.003257 0.000010 0.000010 0.000010
0.911234 0.008473 0.000010 0.080273 0.000010
0.992694 0.007276 0.000010 0.000010 0.000010
0.983003 0.007119 0.000010 0.009858 0.000010
0.956275 0.004418 0.000010 0.039287 0.000010
0.999960 0.000010 0.000010 0.000010 0.000010
0.992635 0.007335 0.000010 0.000010 0.000010
0.992549 0.007421 0.000010 0.000010 0.000010
0.997595 0.002375 0.000010 0.000010 0.000010
0.996855 0.003115 0.000010 0.000010 0.000010
0.898906 0.002646 0.000010 0.017724 0.080714
0.000010 0.819801 0.002616 0.000228 0.177345
0.000010 0.938846 0.000010 0.004108 0.057026
0.000010 0.000010 0.999960 0.000010 0.000010
0.000010 0.000010 0.999960 0.000010 0.000010
0.000010 0.000010 0.999960 0.000010 0.000010
0.999960 0.000010 0.000010 0.000010 0.000010
0.999196 0.000770 0.000010 0.000014 0.000010
0.999960 0.000010 0.000010 0.000010 0.000010
0.999960 0.000010 0.000010 0.000010 0.000010
0.998630 0.001340 0.000010 0.000010 0.000010
0.999960 0.000010 0.000010 0.000010 0.000010
0.998602 0.001368 0.000010 0.000010 0.000010
0.997876 0.002094 0.000010 0.000010 0.000010
0.999424 0.000546 0.000010 0.000010 0.000010
0.999960 0.000010 0.000010 0.000010 0.000010
0.999318 0.000652 0.000010 0.000010 0.000010
0.999576 0.000394 0.000010 0.000010 0.000010
0.999960 0.000010 0.000010 0.000010 0.000010
0.999960 0.000010 0.000010 0.000010 0.000010
0.999960 0.000010 0.000010 0.000010 0.000010
0.995673 0.004297 0.000010 0.000010 0.000010
0.999960 0.000010 0.000010 0.000010 0.000010
0.996102 0.003868 0.000010 0.000010 0.000010
0.999718 0.000252 0.000010 0.000010 0.000010
0.999960 0.000010 0.000010 0.000010 0.000010
0.996560 0.003410 0.000010 0.000010 0.000010
0.999960 0.000010 0.000010 0.000010 0.000010
0.998883 0.001087 0.000010 0.000010 0.000010
0.995297 0.004673 0.000010 0.000010 0.000010
0.999960 0.000010 0.000010 0.000010 0.000010
0.000010 0.003107 0.000010 0.000010 0.996863
0.000010 0.029533 0.000010 0.000010 0.970437
0.002322 0.020855 0.000010 0.009425 0.967387
0.000010 0.027503 0.000010 0.000010 0.972467
0.000010 0.028907 0.000010 0.000010 0.971063
0.004799 0.022405 0.002441 0.000010 0.970344
0.000010 0.013194 0.000010 0.000010 0.986776
0.000010 0.022391 0.000010 0.004439 0.973151
0.000010 0.044519 0.000010 0.000010 0.955451
0.000010 0.038678 0.000010 0.005901 0.955401
0.000010 0.034111 0.000010 0.000010 0.965859
0.000010 0.034699 0.000010 0.000010 0.965271
0.000010 0.037274 0.000010 0.000010 0.962696
0.000010 0.036237 0.004594 0.044465 0.914695
0.999960 0.000010 0.000010 0.000010 0.000010
0.000010 0.030704 0.728045 0.000010 0.241231
0.000010 0.015191 0.603150 0.004188 0.377461
0.000010 0.927828 0.000010 0.000010 0.072142
0.000010 0.781625 0.024196 0.000010 0.194159
0.000010 0.000010 0.999960 0.000010 0.000010
0.000010 0.000936 0.951681 0.000010 0.047363
0.000010 0.013973 0.867751 0.000010 0.118256
0.000010 0.000010 0.999960 0.000010 0.000010
0.000010 0.000010 0.999960 0.000010 0.000010
0.000010 0.000010 0.999959 0.000011 0.000010
0.000010 0.000011 0.999959 0.000010 0.000010
0.000010 0.259916 0.650991 0.000010 0.089073
0.000010 0.000010 0.999960 0.000010 0.000010
0.000010 0.003613 0.748634 0.000010 0.247733
0.000010 0.000930 0.999040 0.000010 0.000010
0.000010 0.962963 0.002902 0.000010 0.034115
0.000010 0.806982 0.000010 0.000010 0.192988
0.000010 0.795364 0.000010 0.000010 0.204606
