0.000010 0.000010 0.000010 0.000010 0.003413 0.996547
0.000010 0.000010 0.001440 0.007002 0.000010 0.991528
0.000010 0.000010 0.000010 0.000010 0.000010 0.999950
0.000010 0.000010 0.000011 0.000011 0.000010 0.999948
0.000010 0.000010 0.002904 0.000010 0.000010 0.997056
0.000010 0.000010 0.000010 0.000010 0.000010 0.999950
0.000010 0.000010 0.000010 0.000010 0.000010 0.999950
0.000010 0.000010 0.000010 0.004995 0.008894 0.986081
0.000010 0.000010 0.000010 0.000010 0.000010 0.999950
0.000010 0.000010 0.001892 0.021784 0.000010 0.976294
0.000010 0.000010 0.000010 0.001455 0.000010 0.998505
0.000010 0.013240 0.000335 0.000010 0.000010 0.986395
0.000010 0.000010 0.000010 0.000010 0.000010 0.999950
0.000010 0.000010 0.000010 0.000010 0.000566 0.999394
0.000010 0.000010 0.006721 0.017665 0.000010 0.975584
0.000010 0.013998 0.000010 0.001202 0.000010 0.984770
0.000010 0.000010 0.000010 0.000010 0.003061 0.996899
0.000010 0.000010 0.000010 0.000010 0.000010 0.999950
0.000010 0.000010 0.000010 0.014386 0.005173 0.980411
0.000010 0.000010 0.000013 0.000010 0.000010 0.999947
0.000010 0.000010 0.000010 0.005552 0.003409 0.991008
0.000010 0.000010 0.000010 0.027308 0.000010 0.972652
0.000010 0.000010 0.000010 0.008069 0.000010 0.991891
0.000010 0.000010 0.004798 0.000010 0.000010 0.995162
0.000010 0.000010 0.000010 0.000010 0.004591 0.995369
0.000010 0.000010 0.000849 0.003184 0.004379 0.991568
0.000010 0.000010 0.000010 0.000010 0.000010 0.999950
0.000010 0.000010 0.000010 0.000010 0.009169 0.990791
0.000010 0.000010 0.000056 0.000010 0.000010 0.999904
0.000010 0.009451 0.000374 0.011664 0.000010 0.978491
0.000010 0.000010 0.004508 0.000010 0.000010 0.995452
0.000010 0.000010 0.000010 0.010587 0.000010 0.989373
0.000010 0.000010 0.000010 0.000010 0.000010 0.999950
0.000010 0.000010 0.004928 0.005067 0.000010 0.989975
0.000010 0.000010 0.000010 0.000675 0.000010 0.999285
0.000010 0.000010 0.001225 0.006805 0.000010 0.991940
0.000010 0.000010 0.003905 0.000010 0.000010 0.996055
0.000010 0.000010 0.003243 0.005618 0.000010 0.991110
0.000010 0.000010 0.001704 0.015400 0.004576 0.978300
0.000010 0.000010 0.003838 0.010922 0.000010 0.985210
0.000010 0.000010 0.003072 0.000010 0.000010 0.996888
0.000010 0.000010 0.005392 0.000010 0.000010 0.994568
0.000010 0.000010 0.000010 0.011226 0.000010 0.988734
0.000010 0.000010 0.000010 0.019334 0.003126 0.977510
0.000010 0.000010 0.000010 0.016424 0.000010 0.983536
0.000010 0.000010 0.000010 0.000897 0.000010 0.999063
0.000010 0.000010 0.000016 0.000010 0.003615 0.996340
0.000010 0.000010 0.002055 0.009203 0.000010 0.988712
0.000010 0.000010 0.000010 0.000353 0.000010 0.999607
0.000010 0.000010 0.000010 0.003197 0.000010 0.996763
0.000010 0.000010 0.000010 0.000010 0.000010 0.999950
0.000010 0.000010 0.007758 0.009730 0.000010 0.982482
0.000010 0.000010 0.000010 0.000010 0.004940 0.995020
0.000010 0.000010 0.000010 0.000010 0.000010 0.999950
0.000010 0.000010 0.003068 0.007432 0.007019 0.982462
0.000010 0.000010 0.000010 0.000010 0.000010 0.999950
0.000010 0.000010 0.000010 0.000010 0.000010 0.999950
0.000010 0.000010 0.000010 0.007437 0.000010 0.992523
0.000010 0.000010 0.007745 0.000010 0.004385 0.987840
0.000010 0.000010 0.000010 0.000010 0.000010 0.999950
0.000010 0.239946 0.000010 0.000010 0.027802 0.732223
0.010023 0.167429 0.000010 0.000010 0.029714 0.792813
0.000010 0.155686 0.000010 0.000010 0.021197 0.823087
0.013805 0.170892 0.000010 0.000010 0.019905 0.795379
0.004687 0.266130 0.000010 0.000010 0.016611 0.712552
0.007652 0.177963 0.000010 0.000010 0.017947 0.796419
0.005306 0.204500 0.002114 0.000010 0.010888 0.777182
0.007890 0.218661 0.000010 0.000010 0.015823 0.757606
0.012246 0.189630 0.012258 0.000010 0.009280 0.776577
0.005689 0.208015 0.000010 0.000010 0.024956 0.761320
0.001214 0.210281 0.000010 0.000010 0.014553 0.773932
0.001651 0.247289 0.000010 0.000010 0.020059 0.730981
0.000010 0.197437 0.000010 0.000010 0.003909 0.798624
0.003874 0.257359 0.000010 0.000010 0.024089 0.714658
0.000010 0.196342 0.000010 0.000010 0.022044 0.781584
0.000010 0.199688 0.000010 0.000010 0.022674 0.777608
0.000010 0.209596 0.000010 0.000010 0.015508 0.774867
0.000010 0.000010 0.001091 0.016473 0.000010 0.982405
0.000010 0.068665 0.000010 0.018806 0.002193 0.910316
0.000010 0.000010 0.005651 0.006310 0.000010 0.988009
0.000010 0.000010 0.000010 0.000010 0.000010 0.999950
0.000010 0.000010 0.000010 0.012973 0.000010 0.986987
0.000010 0.000010 0.005892 0.009188 0.000010 0.984890
0.000010 0.000010 0.000010 0.000016 0.000010 0.999944
0.000010 0.000010 0.000010 0.005825 0.002618 0.991527
0.000010 0.000010 0.000010 0.000010 0.000010 0.999950
0.000010 0.000010 0.001454 0.015404 0.000010 0.983112
0.000010 0.000010 0.000165 0.000010 0.000010 0.999795
0.000010 0.000010 0.008089 0.000010 0.000010 0.991871
0.000010 0.000010 0.000010 0.008219 0.000010 0.991741
0.000010 0.000010 0.002323 0.014799 0.003746 0.979112
0.000010 0.000010 0.000010 0.015120 0.000010 0.984840
0.015657 0.000010 0.003444 0.013373 0.006943 0.960573
0.000010 0.000010 0.000010 0.007309 0.000010 0.992651
0.000010 0.000010 0.000010 0.014356 0.000010 0.985604
0.000010 0.000010 0.000015 0.004089 0.000010 0.995866
0.000010 0.000010 0.000010 0.000010 0.000010 0.999950
0.000010 0.000010 0.000010 0.000010 0.000010 0.999950
0.000010 0.000010 0.001172 0.000010 0.000010 0.998788
0.000010 0.000010 0.001155 0.000010 0.000010 0.998805
0.000010 0.000010 0.000011 0.000010 0.000010 0.999949
0.000010 0.000010 0.000010 0.000010 0.006467 0.993493
0.000010 0.000010 0.005165 0.000010 0.000010 0.994795
0.000010 0.000010 0.000010 0.000010 0.000010 0.999950
0.000010 0.000010 0.000010 0.003245 0.000010 0.996715
0.000010 0.000010 0.000010 0.000652 0.000010 0.999308
0.000010 0.000010 0.000010 0.009653 0.000010 0.990307
0.000010 0.000010 0.000014 0.014334 0.000010 0.985621
0.000010 0.000010 0.000010 0.001220 0.000010 0.998740
0.011855 0.212043 0.000774 0.000010 0.004515 0.770804
0.009315 0.243819 0.000010 0.000010 0.013452 0.733394
0.001928 0.192993 0.000010 0.000010 0.010633 0.794426
0.014470 0.173164 0.001995 0.000010 0.026387 0.783975
0.000010 0.206066 0.000010 0.000010 0.008337 0.785567
0.009888 0.261021 0.000010 0.000010 0.014211 0.714860
0.010508 0.263687 0.003469 0.000010 0.019956 0.702371
0.000010 0.165636 0.000010 0.000010 0.016989 0.817346
0.000010 0.176758 0.000010 0.000010 0.026250 0.796961
0.000010 0.176030 0.000010 0.000010 0.011101 0.812839
0.010381 0.207883 0.000010 0.000010 0.021948 0.759768
0.006322 0.117056 0.000010 0.000010 0.016286 0.860316
0.007015 0.222203 0.000010 0.000010 0.006463 0.764298
0.020603 0.200531 0.000010 0.000010 0.000010 0.778836
0.000010 0.209879 0.000010 0.000010 0.019641 0.770450
0.008892 0.219437 0.000010 0.000010 0.011907 0.759744
0.000010 0.231987 0.000010 0.000010 0.011946 0.756036
0.014219 0.210050 0.000010 0.000010 0.015176 0.760535
0.002965 0.202539 0.000010 0.000010 0.021788 0.772689
0.001075 0.237448 0.000010 0.000010 0.020247 0.741209
0.012941 0.162171 0.000010 0.000010 0.011987 0.812881
0.000010 0.252802 0.000010 0.000010 0.017987 0.729181
0.000010 0.235011 0.000010 0.000010 0.013981 0.750979
0.018252 0.162323 0.000010 0.000010 0.006980 0.812425
0.015740 0.199994 0.004081 0.000010 0.014438 0.765737
0.000010 0.188962 0.001718 0.000010 0.025113 0.784186
0.000010 0.175702 0.000010 0.000010 0.014261 0.810007
0.012777 0.116796 0.000010 0.000010 0.006347 0.864060
0.016286 0.139877 0.000010 0.000010 0.017841 0.825975
0.009900 0.237281 0.000010 0.000010 0.001336 0.751463
0.015878 0.191502 0.000010 0.000010 0.011955 0.780644
0.005138 0.167886 0.000010 0.000010 0.003485 0.823471
0.000010 0.232854 0.000010 0.000010 0.011307 0.755809
0.009599 0.190997 0.000010 0.000010 0.022628 0.776755
0.000346 0.218672 0.000010 0.000010 0.019623 0.761339
0.009595 0.198042 0.000010 0.000010 0.011511 0.780833
0.012515 0.223821 0.000010 0.000010 0.014453 0.749191
0.007077 0.217954 0.000010 0.000010 0.018244 0.756706
0.012022 0.166514 0.000010 0.000010 0.018972 0.802473
0.024104 0.177893 0.000010 0.000010 0.015735 0.782248
0.000010 0.177477 0.000010 0.000010 0.019017 0.803477
0.000010 0.146440 0.000010 0.000010 0.011539 0.841991
0.001371 0.205689 0.000010 0.000010 0.022849 0.770071
0.006702 0.213216 0.000010 0.000010 0.007794 0.772268
0.000010 0.214143 0.005579 0.000010 0.023081 0.757178
0.000010 0.170128 0.000010 0.000010 0.005537 0.824305
0.000477 0.184339 0.000010 0.000010 0.029316 0.785848
0.014326 0.173976 0.000010 0.000010 0.018600 0.793077
0.000010 0.172720 0.000010 0.000010 0.013965 0.813286
0.005630 0.224726 0.000010 0.000010 0.001857 0.767768
0.020679 0.181147 0.000010 0.000010 0.012419 0.785736
0.000010 0.181344 0.008725 0.000010 0.007907 0.802005
0.008480 0.178886 0.000010 0.000010 0.024911 0.787703
0.004534 0.233142 0.000010 0.000010 0.017324 0.744980
0.000010 0.125724 0.000010 0.000927 0.006562 0.866767
0.000817 0.193724 0.000010 0.000010 0.023052 0.782387
0.004103 0.161558 0.000010 0.000010 0.006825 0.827494
0.008790 0.214674 0.000149 0.000010 0.012957 0.763420
0.000010 0.119972 0.001582 0.000010 0.000117 0.878310
0.000010 0.207695 0.000010 0.000010 0.017045 0.775230
0.010880 0.203824 0.000010 0.000010 0.020487 0.764789
0.000010 0.177287 0.000010 0.000010 0.013384 0.809299
0.002516 0.192344 0.000010 0.000010 0.023438 0.781682
0.007695 0.176866 0.000010 0.000010 0.018537 0.796883
0.021401 0.213648 0.000010 0.000010 0.029061 0.735870
0.000010 0.142976 0.000010 0.000010 0.017404 0.839590
0.000010 0.223710 0.000010 0.000010 0.014302 0.761958
0.003958 0.248772 0.000010 0.000010 0.023052 0.724198
0.008375 0.175411 0.000010 0.000749 0.019780 0.795674
0.002647 0.187673 0.000012 0.000010 0.026704 0.782954
0.000010 0.221037 0.000010 0.000010 0.014134 0.764799
0.002060 0.212616 0.000010 0.000010 0.022070 0.763233
0.000010 0.237483 0.000010 0.000010 0.028940 0.733547
0.000010 0.248814 0.000010 0.000010 0.024630 0.726526
0.000010 0.209240 0.000010 0.000010 0.027660 0.763070
0.003814 0.183831 0.005809 0.000010 0.004675 0.801861
0.000010 0.220056 0.002041 0.000010 0.004695 0.773188
0.012399 0.239273 0.000010 0.000010 0.019497 0.728811
0.021735 0.167786 0.000010 0.000010 0.016009 0.794450
0.000010 0.135893 0.000010 0.000010 0.011328 0.852749
0.063236 0.301670 0.000010 0.000010 0.021442 0.613632
0.000010 0.216703 0.000010 0.000010 0.016758 0.766509
0.010285 0.203385 0.000010 0.000010 0.013000 0.773311
0.000010 0.133204 0.000010 0.000010 0.000010 0.866756
0.000010 0.209073 0.000010 0.000010 0.002754 0.788142
0.000694 0.229815 0.000010 0.000010 0.023832 0.745639
0.010578 0.206164 0.000010 0.000010 0.019519 0.763719
0.000010 0.216943 0.000010 0.000010 0.015227 0.767799
0.999950 0.000010 0.000010 0.000010 0.000010 0.000010
0.999950 0.000010 0.000010 0.000010 0.000010 0.000010
0.999950 0.000010 0.000010 0.000010 0.000010 0.000010
0.999950 0.000010 0.000010 0.000010 0.000010 0.000010
0.999944 0.000010 0.000010 0.000012 0.000014 0.000010
0.999950 0.000010 0.000010 0.000010 0.000010 0.000010
0.999950 0.000010 0.000010 0.000010 0.000010 0.000010
0.999949 0.000010 0.000010 0.000010 0.000011 0.000010
0.999950 0.000010 0.000010 0.000010 0.000010 0.000010
0.999950 0.000010 0.000010 0.000010 0.000010 0.000010
0.999942 0.000010 0.000010 0.000018 0.000010 0.000010
0.999949 0.000010 0.000011 0.000010 0.000010 0.000010
0.999950 0.000010 0.000010 0.000010 0.000010 0.000010
0.999950 0.000010 0.000010 0.000010 0.000010 0.000010
0.999949 0.000010 0.000011 0.000010 0.000010 0.000010
0.999950 0.000010 0.000010 0.000010 0.000010 0.000010
0.999950 0.000010 0.000010 0.000010 0.000010 0.000010
0.999950 0.000010 0.000010 0.000010 0.000010 0.000010
0.999950 0.000010 0.000010 0.000010 0.000010 0.000010
0.999950 0.000010 0.000010 0.000010 0.000010 0.000010
0.999950 0.000010 0.000010 0.000010 0.000010 0.000010
0.999950 0.000010 0.000010 0.000010 0.000010 0.000010
0.999949 0.000010 0.000011 0.000010 0.000010 0.000010
0.999950 0.000010 0.000010 0.000010 0.000010 0.000010
0.999950 0.000010 0.000010 0.000010 0.000010 0.000010
0.999950 0.000010 0.000010 0.000010 0.000010 0.000010
0.999950 0.000010 0.000010 0.000010 0.000010 0.000010
0.999950 0.000010 0.000010 0.000010 0.000010 0.000010
0.999950 0.000010 0.000010 0.000010 0.000010 0.000010
0.999950 0.000010 0.000010 0.000010 0.000010 0.000010
0.999950 0.000010 0.000010 0.000010 0.000010 0.000010
0.999950 0.000010 0.000010 0.000010 0.000010 0.000010
0.999950 0.000010 0.000010 0.000010 0.000010 0.000010
0.999950 0.000010 0.000010 0.000010 0.000010 0.000010
0.999950 0.000010 0.000010 0.000010 0.000010 0.000010
0.999948 0.000010 0.000010 0.000012 0.000010 0.000010
0.999950 0.000010 0.000010 0.000010 0.000010 0.000010
0.999950 0.000010 0.000010 0.000010 0.000010 0.000010
0.999950 0.000010 0.000010 0.000010 0.000010 0.000010
0.999950 0.000010 0.000010 0.000010 0.000010 0.000010
0.999950 0.000010 0.000010 0.000010 0.000010 0.000010
0.999950 0.000010 0.000010 0.000010 0.000010 0.000010
0.000010 0.000010 0.107713 0.003411 0.155096 0.733760
0.000010 0.000010 0.198545 0.000010 0.193877 0.607548
0.000010 0.000010 0.090797 0.007914 0.129757 0.771513
0.999950 0.000010 0.000010 0.000010 0.000010 0.000010
0.999950 0.000010 0.000010 0.000010 0.000010 0.000010
0.999950 0.000010 0.000010 0.000010 0.000010 0.000010
0.999950 0.000010 0.000010 0.000010 0.000010 0.000010
0.999950 0.000010 0.000010 0.000010 0.000010 0.000010
0.999950 0.000010 0.000010 0.000010 0.000010 0.000010
0.999950 0.000010 0.000010 0.000010 0.000010 0.000010
0.999950 0.000010 0.000010 0.000010 0.000010 0.000010
0.999950 0.000010 0.000010 0.000010 0.000010 0.000010
0.999950 0.000010 0.000010 0.000010 0.000010 0.000010
0.999950 0.000010 0.000010 0.000010 0.000010 0.000010
0.997061 0.000010 0.002899 0.000010 0.000010 0.000010
0.991338 0.000010 0.000010 0.000010 0.008622 0.000010
0.999950 0.000010 0.000010 0.000010 0.000010 0.000010
0.999950 0.000010 0.000010 0.000010 0.000010 0.000010
0.999950 0.000010 0.000010 0.000010 0.000010 0.000010
0.999950 0.000010 0.000010 0.000010 0.000010 0.000010
0.999950 0.000010 0.000010 0.000010 0.000010 0.000010
0.999950 0.000010 0.000010 0.000010 0.000010 0.000010
0.999950 0.000010 0.000010 0.000010 0.000010 0.000010
0.997711 0.000010 0.000010 0.000010 0.002249 0.000010
0.999950 0.000010 0.000010 0.000010 0.000010 0.000010
0.999950 0.000010 0.000010 0.000010 0.000010 0.000010
0.999950 0.000010 0.000010 0.000010 0.000010 0.000010
0.999948 0.000010 0.000012 0.000010 0.000010 0.000010
0.999950 0.000010 0.000010 0.000010 0.000010 0.000010
0.999950 0.000010 0.000010 0.000010 0.000010 0.000010
0.999950 0.000010 0.000010 0.000010 0.000010 0.000010
0.999950 0.000010 0.000010 0.000010 0.000010 0.000010
0.999950 0.000010 0.000010 0.000010 0.000010 0.000010
0.999950 0.000010 0.000010 0.000010 0.000010 0.000010
0.999950 0.000010 0.000010 0.000010 0.000010 0.000010
0.999950 0.000010 0.000010 0.000010 0.000010 0.000010
0.999950 0.000010 0.000010 0.000010 0.000010 0.000010
0.999950 0.000010 0.000010 0.000010 0.000010 0.000010
0.000010 0.000010 0.168447 0.001506 0.138032 0.691995
0.000010 0.000010 0.186694 0.004323 0.158656 0.650307
0.000010 0.000010 0.091773 0.011088 0.120219 0.776900
0.000010 0.000010 0.093585 0.015558 0.168538 0.722299
0.999950 0.000010 0.000010 0.000010 0.000010 0.000010
0.999950 0.000010 0.000010 0.000010 0.000010 0.000010
0.999950 0.000010 0.000010 0.000010 0.000010 0.000010
0.999950 0.000010 0.000010 0.000010 0.000010 0.000010
0.999950 0.000010 0.000010 0.000010 0.000010 0.000010
0.999950 0.000010 0.000010 0.000010 0.000010 0.000010
0.999950 0.000010 0.000010 0.000010 0.000010 0.000010
0.999950 0.000010 0.000010 0.000010 0.000010 0.000010
0.999950 0.000010 0.000010 0.000010 0.000010 0.000010
0.999950 0.000010 0.000010 0.000010 0.000010 0.000010
0.999950 0.000010 0.000010 0.000010 0.000010 0.000010
0.999950 0.000010 0.000010 0.000010 0.000010 0.000010
0.999950 0.000010 0.000010 0.000010 0.000010 0.000010
0.999950 0.000010 0.000010 0.000010 0.000010 0.000010
0.999950 0.000010 0.000010 0.000010 0.000010 0.000010
0.999950 0.000010 0.000010 0.000010 0.000010 0.000010
0.999950 0.000010 0.000010 0.000010 0.000010 0.000010
0.999950 0.000010 0.000010 0.000010 0.000010 0.000010
0.999950 0.000010 0.000010 0.000010 0.000010 0.000010
0.999950 0.000010 0.000010 0.000010 0.000010 0.000010
0.999947 0.000013 0.000010 0.000010 0.000010 0.000010
0.999950 0.000010 0.000010 0.000010 0.000010 0.000010
0.999950 0.000010 0.000010 0.000010 0.000010 0.000010
0.999950 0.000010 0.000010 0.000010 0.000010 0.000010
0.999950 0.000010 0.000010 0.000010 0.000010 0.000010
0.999950 0.000010 0.000010 0.000010 0.000010 0.000010
0.999950 0.000010 0.000010 0.000010 0.000010 0.000010
0.999950 0.000010 0.000010 0.000010 0.000010 0.000010
0.000010 0.000010 0.040237 0.000010 0.080513 0.879220
0.000010 0.000010 0.071104 0.013556 0.137507 0.777813
0.000010 0.000010 0.118728 0.000010 0.210881 0.670361
0.000010 0.000010 0.067007 0.000010 0.119314 0.813649
0.000010 0.000010 0.091214 0.013396 0.101893 0.793477
0.000010 0.000010 0.060568 0.004515 0.064498 0.870399
0.000010 0.000010 0.126131 0.000010 0.159719 0.714119
0.000010 0.000010 0.073671 0.018820 0.054804 0.852685
0.000010 0.000010 0.117024 0.000010 0.234026 0.648920
0.999950 0.000010 0.000010 0.000010 0.000010 0.000010
0.999950 0.000010 0.000010 0.000010 0.000010 0.000010
0.997332 0.000010 0.002628 0.000010 0.000010 0.000010
0.999950 0.000010 0.000010 0.000010 0.000010 0.000010
0.996013 0.000010 0.003947 0.000010 0.000010 0.000010
0.999931 0.000010 0.000029 0.000010 0.000010 0.000010
0.999522 0.000012 0.000436 0.000010 0.000010 0.000010
0.999950 0.000010 0.000010 0.000010 0.000010 0.000010
0.999950 0.000010 0.000010 0.000010 0.000010 0.000010
0.999950 0.000010 0.000010 0.000010 0.000010 0.000010
0.999950 0.000010 0.000010 0.000010 0.000010 0.000010
0.999950 0.000010 0.000010 0.000010 0.000010 0.000010
0.999950 0.000010 0.000010 0.000010 0.000010 0.000010
0.999950 0.000010 0.000010 0.000010 0.000010 0.000010
0.999950 0.000010 0.000010 0.000010 0.000010 0.000010
0.000010 0.000010 0.094910 0.008021 0.097103 0.799946
0.000010 0.000010 0.126918 0.005396 0.150951 0.716715
0.000010 0.000010 0.240818 0.000010 0.146208 0.612944
0.000010 0.000010 0.221837 0.008714 0.215993 0.553437
0.000010 0.000010 0.233515 0.000010 0.189858 0.576597
0.000010 0.000010 0.071774 0.015862 0.174069 0.738275
0.000010 0.000010 0.142236 0.000010 0.128797 0.728937
0.000010 0.000010 0.135487 0.028723 0.169239 0.666532
0.000010 0.000010 0.098232 0.000010 0.126369 0.775369
0.000010 0.000010 0.081760 0.000163 0.150849 0.767207
0.000010 0.000010 0.370489 0.000317 0.133836 0.495338
0.000010 0.000010 0.187963 0.001612 0.124210 0.686195
0.000010 0.000010 0.077661 0.010920 0.146121 0.765278
0.000010 0.000010 0.090990 0.000010 0.149328 0.759652
0.000010 0.000010 0.095486 0.003426 0.177053 0.724014
0.000010 0.000010 0.061537 0.010027 0.153273 0.775142
0.000010 0.000010 0.099326 0.012659 0.138064 0.749932
0.000010 0.000010 0.084811 0.018798 0.157277 0.739093
0.000010 0.000010 0.107578 0.002295 0.062516 0.827590
0.000010 0.000010 0.197932 0.003712 0.185981 0.612354
0.000010 0.000010 0.170106 0.008327 0.134708 0.686839
0.000010 0.000010 0.111425 0.000010 0.209251 0.679294
0.000010 0.000010 0.215948 0.006416 0.166555 0.611062
0.000010 0.000010 0.113217 0.000010 0.168044 0.718709
0.000010 0.000010 0.137525 0.010329 0.133815 0.718311
0.000010 0.000010 0.139041 0.000010 0.200130 0.660799
0.000010 0.000010 0.195768 0.032543 0.114146 0.657523
0.000010 0.000010 0.157041 0.015923 0.155511 0.671505
0.000010 0.000010 0.265013 0.000010 0.135887 0.599070
0.000010 0.000010 0.143156 0.016326 0.140189 0.700309
0.000010 0.000010 0.110556 0.012007 0.148064 0.729353
0.000010 0.000010 0.108795 0.000010 0.169810 0.721364
0.000010 0.000010 0.103261 0.000010 0.148676 0.748033
0.000010 0.000010 0.175480 0.000010 0.194164 0.630326
0.000010 0.000010 0.173755 0.010274 0.134167 0.681784
0.000010 0.000010 0.103572 0.017134 0.125226 0.754049
0.000010 0.000010 0.094743 0.001575 0.090242 0.813420
0.000010 0.000010 0.247011 0.000010 0.139216 0.613743
0.000010 0.000010 0.655630 0.000010 0.068204 0.276136
0.000010 0.000010 0.136938 0.000010 0.157480 0.705552
0.000010 0.000010 0.115590 0.000010 0.157702 0.726678
0.000010 0.000010 0.037491 0.000010 0.085147 0.877331
0.000010 0.000010 0.022822 0.007148 0.311222 0.658788
0.000010 0.000010 0.033779 0.000010 0.135516 0.830675
0.000010 0.000010 0.066278 0.032075 0.311751 0.589876
0.000010 0.000010 0.074795 0.010935 0.245043 0.669206
0.000010 0.000010 0.152234 0.000010 0.314935 0.532801
0.000010 0.000010 0.109589 0.001975 0.278090 0.610327
0.000010 0.000010 0.070983 0.010075 0.274156 0.644766
0.000010 0.000010 0.067088 0.002831 0.286351 0.643710
0.000010 0.000010 0.037614 0.000010 0.169382 0.792974
0.000010 0.000010 0.134363 0.000877 0.231983 0.632757
0.000010 0.000010 0.097853 0.000010 0.290933 0.611184
0.000010 0.000010 0.036314 0.004000 0.383592 0.576074
0.000010 0.000010 0.189322 0.000010 0.319086 0.491562
0.000010 0.000010 0.052644 0.000010 0.298094 0.649232
0.000010 0.000010 0.197658 0.007664 0.399432 0.395225
0.000010 0.000010 0.066036 0.015412 0.279635 0.638897
0.000010 0.000010 0.122832 0.002613 0.478584 0.395951
0.000010 0.000010 0.201414 0.011328 0.175655 0.611584
0.000010 0.000010 0.129637 0.001690 0.186011 0.682642
0.000010 0.000010 0.112931 0.000010 0.138969 0.748070
0.000010 0.000010 0.237219 0.000010 0.147953 0.614798
0.000010 0.000010 0.050685 0.057243 0.050696 0.841356
0.000010 0.000010 0.131862 0.018073 0.162321 0.687724
0.000010 0.000010 0.201128 0.003171 0.159323 0.636357
0.000010 0.000010 0.093996 0.006543 0.057709 0.841732
0.000010 0.000010 0.088626 0.006536 0.132915 0.771903
0.000010 0.000010 0.097913 0.008763 0.159699 0.733605
0.000010 0.000010 0.082417 0.016398 0.196637 0.704528
0.000010 0.000010 0.141140 0.019317 0.163953 0.675570
0.000010 0.000010 0.129627 0.000010 0.183565 0.686778
0.000010 0.000010 0.195399 0.000010 0.257613 0.546958
0.000010 0.000010 0.235588 0.000010 0.229780 0.534602
0.000010 0.000010 0.180669 0.000010 0.231455 0.587846
0.000010 0.000010 0.094564 0.006825 0.200751 0.697841
0.000010 0.000010 0.080905 0.001982 0.144622 0.772471
0.000010 0.000010 0.207987 0.002716 0.141579 0.647699
0.000010 0.000010 0.053670 0.031803 0.098821 0.815686
0.000010 0.000010 0.132705 0.013047 0.135044 0.719185
0.000010 0.000010 0.134962 0.010682 0.127138 0.727198
0.000010 0.000010 0.691001 0.006291 0.078913 0.223775
0.000010 0.000010 0.521863 0.005657 0.061552 0.410908
0.000010 0.000010 0.216169 0.000010 0.171326 0.612475
0.000010 0.000010 0.121069 0.025302 0.113843 0.739765
0.000010 0.000010 0.095085 0.000010 0.324759 0.580126
0.000010 0.000010 0.032896 0.000010 0.281970 0.685105
0.000010 0.000010 0.051624 0.000010 0.235187 0.713159
0.000010 0.000010 0.196367 0.000010 0.300005 0.503598
0.000010 0.000010 0.020233 0.000010 0.187952 0.791785
0.000010 0.000010 0.032729 0.000010 0.304924 0.662318
0.000010 0.000010 0.049321 0.000010 0.129878 0.820772
0.000010 0.000010 0.152002 0.000010 0.335939 0.512029
0.000010 0.000010 0.078170 0.000010 0.273233 0.648567
0.000010 0.000010 0.095703 0.000010 0.273171 0.631096
0.000010 0.000010 0.188921 0.021625 0.328495 0.460940
0.000010 0.000010 0.026292 0.000010 0.038929 0.934749
0.000010 0.000010 0.024063 0.003252 0.374654 0.598011
0.000010 0.000010 0.035215 0.000010 0.290612 0.674142
0.000010 0.000010 0.037287 0.000010 0.280025 0.682658
0.000010 0.000010 0.083328 0.007662 0.234197 0.674793
0.000010 0.000010 0.258961 0.004565 0.144582 0.591873
0.000010 0.000010 0.137647 0.013000 0.202937 0.646396
0.000010 0.000010 0.135846 0.023005 0.188807 0.652323
0.000010 0.000010 0.166965 0.000010 0.190243 0.642762
0.000010 0.000010 0.243305 0.000010 0.169331 0.587333
0.000010 0.000010 0.104643 0.027562 0.091428 0.776347
0.000010 0.000010 0.148028 0.006738 0.142051 0.703163
0.000010 0.000010 0.129239 0.000010 0.167189 0.703542
0.000010 0.000010 0.153522 0.000010 0.101670 0.744778
0.000010 0.000010 0.127258 0.000010 0.199200 0.673512
0.000010 0.000010 0.002400 0.012866 0.000010 0.984704
0.000010 0.000010 0.011310 0.016870 0.629113 0.342687
0.000010 0.000010 0.361361 0.009357 0.232291 0.396971
0.000010 0.000010 0.044135 0.001893 0.433852 0.520100
0.000010 0.000010 0.069602 0.000010 0.247071 0.683297
0.000010 0.000010 0.057590 0.000010 0.417998 0.524382
0.000010 0.000010 0.086552 0.000010 0.411298 0.502119
0.000010 0.000010 0.025588 0.000010 0.305872 0.668510
0.000010 0.000010 0.038176 0.011324 0.210098 0.740382
0.000010 0.000010 0.033180 0.000010 0.168671 0.798119
0.000010 0.000010 0.073060 0.015555 0.315847 0.595518
0.000010 0.000010 0.025396 0.000010 0.324589 0.649985
0.000010 0.000010 0.059829 0.000010 0.274426 0.665715
0.000010 0.000010 0.069682 0.020761 0.251806 0.657731
0.000010 0.008177 0.130331 0.000354 0.243549 0.617579
0.000010 0.000010 0.187566 0.000010 0.331028 0.481375
0.000010 0.000010 0.151390 0.000010 0.291352 0.557228
0.008661 0.000010 0.115440 0.000010 0.285549 0.590330
0.000010 0.000010 0.138900 0.000010 0.547918 0.313151
0.000010 0.000010 0.057446 0.000010 0.325984 0.616539
0.000010 0.000010 0.034003 0.000010 0.283320 0.682646
0.000010 0.000010 0.152193 0.011958 0.329302 0.506527
0.000010 0.000010 0.110554 0.000010 0.330868 0.558548
0.000010 0.000010 0.051284 0.000010 0.400305 0.548381
0.000010 0.000010 0.040661 0.000010 0.261387 0.697923
0.000010 0.000010 0.071905 0.000010 0.243706 0.684359
0.000010 0.000010 0.070489 0.008038 0.142619 0.778834
0.000010 0.000010 0.287617 0.000010 0.326050 0.386303
0.000010 0.000010 0.183250 0.005862 0.200511 0.610356
0.000010 0.000010 0.221742 0.019315 0.136402 0.622521
0.000010 0.000010 0.091717 0.001019 0.132755 0.774489
0.000010 0.000010 0.192771 0.010311 0.222463 0.574435
0.000010 0.000010 0.176987 0.021947 0.176376 0.624669
0.000010 0.000010 0.179010 0.001848 0.183858 0.635264
0.000010 0.000010 0.176451 0.000186 0.180628 0.642715
0.000010 0.000010 0.120834 0.007387 0.127254 0.744505
0.000010 0.000010 0.102502 0.011826 0.229918 0.655734
0.000010 0.000010 0.157693 0.019297 0.209418 0.613572
0.000010 0.000010 0.152161 0.009057 0.183690 0.655072
0.000010 0.017570 0.113448 0.006325 0.287983 0.574663
0.000010 0.000010 0.038273 0.006675 0.259978 0.695054
0.000010 0.000010 0.052159 0.009758 0.557650 0.380414
0.000010 0.000010 0.025000 0.007285 0.118572 0.849123
0.000010 0.000010 0.036891 0.000010 0.041173 0.921906
0.000010 0.000010 0.184384 0.000010 0.246341 0.569244
0.000010 0.000010 0.037420 0.013036 0.432365 0.517159
0.000010 0.000010 0.064102 0.000010 0.616711 0.319157
0.000010 0.000010 0.111134 0.015520 0.304923 0.568403
0.000010 0.000010 0.079438 0.018009 0.260248 0.642285
0.000010 0.000010 0.047553 0.000010 0.436638 0.515779
0.000010 0.000010 0.065762 0.000010 0.409002 0.525206
0.000010 0.000010 0.046459 0.000010 0.447505 0.506006
0.000010 0.000010 0.187045 0.000010 0.400763 0.412162
0.000010 0.000010 0.297923 0.000010 0.333800 0.368247
0.000010 0.000010 0.196481 0.000329 0.336231 0.466939
0.000010 0.000010 0.027066 0.000010 0.191243 0.781660
0.000010 0.000010 0.026164 0.009256 0.197671 0.766889
0.000010 0.000010 0.057030 0.000010 0.376646 0.566294
0.000010 0.000010 0.035315 0.000010 0.165928 0.798727
0.000010 0.000010 0.044912 0.007759 0.131946 0.815363
0.000010 0.000010 0.375873 0.003054 0.287423 0.333629
0.000010 0.000010 0.043483 0.016888 0.386194 0.553415
0.000010 0.000010 0.160106 0.000010 0.153645 0.686219
0.000010 0.000010 0.022572 0.013711 0.143062 0.820634
0.000010 0.000010 0.034257 0.008623 0.168180 0.788920
0.000010 0.000010 0.040429 0.020275 0.222181 0.717096
0.000010 0.000010 0.098436 0.009663 0.436993 0.454888
0.000010 0.000010 0.134927 0.000010 0.408783 0.456260
0.000010 0.000010 0.058897 0.000010 0.393857 0.547217
0.000010 0.000010 0.060297 0.000010 0.381517 0.558156
0.000010 0.000010 0.032951 0.000010 0.000010 0.967009
0.000010 0.000010 0.042936 0.000010 0.000010 0.957024
0.000010 0.000010 0.014432 0.006305 0.000010 0.979234
0.000010 0.000010 0.025768 0.000010 0.002976 0.971225
0.000010 0.000010 0.041771 0.012946 0.000010 0.945252
0.000010 0.000010 0.028449 0.010557 0.000010 0.960964
0.000010 0.000010 0.036812 0.000296 0.000010 0.962862
0.000010 0.000010 0.024959 0.000010 0.000010 0.975001
0.000010 0.000010 0.017691 0.000010 0.000010 0.982269
0.000010 0.000010 0.012697 0.000010 0.003840 0.983433
0.000010 0.000010 0.000010 0.000010 0.000010 0.999950
0.000010 0.000010 0.000738 0.000010 0.000010 0.999222
0.000010 0.000010 0.004518 0.000010 0.000010 0.995442
0.000010 0.000010 0.009318 0.000010 0.000010 0.990642
0.000010 0.000010 0.006915 0.000010 0.000010 0.993045
0.000010 0.000010 0.000490 0.000010 0.000010 0.999470
0.000010 0.000010 0.027572 0.003848 0.000010 0.968550
0.000010 0.000010 0.034425 0.016285 0.000010 0.949260
0.000010 0.000010 0.040940 0.000010 0.000010 0.959020
0.000010 0.000010 0.035723 0.000010 0.000010 0.964237
0.000010 0.000010 0.033292 0.010337 0.000010 0.956340
0.000010 0.000010 0.036521 0.000010 0.000010 0.963439
0.000010 0.000012 0.024511 0.000010 0.000010 0.975448
0.000010 0.000010 0.022320 0.004284 0.000010 0.973367
0.000010 0.000010 0.074137 0.000010 0.230467 0.695366
0.000010 0.000010 0.393949 0.000010 0.248562 0.357459
0.000010 0.007742 0.240977 0.017506 0.353214 0.380551
0.000010 0.000010 0.008287 0.000010 0.750580 0.241103
0.000010 0.000010 0.031920 0.000403 0.501020 0.466637
0.000010 0.000010 0.003282 0.000010 0.731418 0.265270
0.000010 0.000010 0.000010 0.000010 0.999950 0.000010
0.000010 0.000010 0.079005 0.000010 0.478371 0.442594
0.000010 0.000010 0.017110 0.004423 0.669034 0.309413
0.000010 0.077682 0.000010 0.754601 0.000361 0.167336
0.000010 0.149365 0.004273 0.706509 0.003952 0.135890
0.000010 0.116910 0.005814 0.705734 0.000010 0.171522
0.000010 0.128755 0.000010 0.691121 0.000010 0.180093
0.999950 0.000010 0.000010 0.000010 0.000010 0.000010
0.967395 0.000010 0.004350 0.028225 0.000010 0.000010
0.991946 0.000010 0.003194 0.004830 0.000010 0.000010
0.986917 0.000010 0.006050 0.007003 0.000010 0.000010
0.986184 0.000014 0.000010 0.013773 0.000010 0.000010
0.999950 0.000010 0.000010 0.000010 0.000010 0.000010
0.000010 0.000010 0.037210 0.000096 0.004477 0.958197
0.000010 0.000010 0.036828 0.000010 0.000010 0.963132
0.000010 0.000010 0.022213 0.000010 0.000010 0.977747
0.000010 0.000010 0.024562 0.000010 0.000010 0.975398
0.000010 0.000010 0.027945 0.002424 0.000010 0.969601
0.000010 0.000010 0.021600 0.000010 0.000010 0.978360
0.000010 0.000010 0.032764 0.000010 0.000010 0.967196
0.000010 0.000010 0.032001 0.000010 0.000010 0.967959
0.000010 0.000010 0.022095 0.003144 0.000010 0.974731
0.000010 0.000010 0.023576 0.015964 0.000010 0.960430
0.000010 0.000010 0.036498 0.004406 0.000010 0.959066
0.004243 0.000010 0.031246 0.017328 0.010895 0.936278
0.000010 0.000010 0.021391 0.018748 0.000010 0.959831
0.000010 0.000013 0.029629 0.002963 0.000010 0.967375
0.000010 0.000010 0.041944 0.000010 0.000010 0.958016
0.000010 0.000010 0.037302 0.000874 0.000010 0.961795
0.000010 0.000010 0.022681 0.000010 0.000010 0.977279
0.000010 0.000010 0.045905 0.013131 0.000010 0.940934
0.000010 0.000010 0.081808 0.016451 0.000010 0.901711
0.000010 0.000010 0.067366 0.000010 0.000010 0.932594
0.000010 0.000010 0.016537 0.006791 0.000010 0.976642
0.000010 0.000010 0.022436 0.001101 0.000010 0.976434
0.000010 0.000010 0.043404 0.031851 0.000010 0.924715
0.000010 0.000010 0.052364 0.004825 0.000010 0.942782
0.000010 0.000010 0.018345 0.000017 0.000010 0.981608
0.000010 0.000010 0.020834 0.012777 0.000010 0.966359
0.000010 0.000010 0.014991 0.000010 0.000010 0.984969
0.000010 0.000010 0.021461 0.000010 0.000010 0.978499
0.000010 0.000010 0.010683 0.000010 0.000010 0.989277
0.000010 0.000010 0.020160 0.000010 0.000010 0.979800
0.000010 0.000010 0.020341 0.000010 0.000010 0.979619
0.000010 0.000010 0.019326 0.000010 0.000010 0.980634
0.000010 0.000010 0.017658 0.000010 0.000010 0.982302
0.000010 0.000010 0.012111 0.002352 0.000010 0.985507
0.000010 0.000010 0.038033 0.000010 0.002662 0.959275
0.000010 0.000010 0.028238 0.000010 0.000010 0.971722
0.000010 0.000010 0.059682 0.004383 0.000010 0.935905
0.000010 0.000010 0.068302 0.000010 0.000010 0.931658
0.000010 0.000010 0.038903 0.002581 0.000010 0.958486
0.000010 0.000010 0.033563 0.000010 0.000010 0.966397
0.000010 0.000010 0.002083 0.000010 0.000010 0.997877
0.000010 0.000010 0.000017 0.000010 0.000010 0.999943
0.000010 0.000010 0.041028 0.007383 0.000010 0.951559
0.000010 0.000010 0.036001 0.000010 0.000010 0.963959
0.000010 0.000010 0.036725 0.009098 0.000010 0.954147
0.000010 0.000010 0.027439 0.006902 0.000010 0.965630
0.000010 0.000010 0.039780 0.003626 0.000010 0.956564
0.000010 0.000010 0.027829 0.005962 0.000010 0.966179
0.000010 0.000010 0.023208 0.000010 0.000010 0.976752
0.000010 0.000010 0.025744 0.008861 0.000010 0.965365
0.000010 0.000010 0.031467 0.000010 0.000010 0.968493
0.000010 0.000010 0.039949 0.000010 0.000010 0.960011
0.000010 0.000010 0.025257 0.000010 0.000010 0.974703
0.000010 0.000010 0.022465 0.001040 0.000010 0.976464
0.000010 0.000010 0.024770 0.011855 0.002189 0.961166
0.000010 0.000010 0.046751 0.009247 0.002217 0.941764
0.000010 0.000010 0.037756 0.013119 0.000010 0.949095
0.000010 0.007236 0.027690 0.013630 0.000010 0.951424
0.000010 0.000010 0.034352 0.000010 0.000010 0.965608
0.000010 0.000010 0.014149 0.000010 0.000010 0.985811
0.000010 0.000010 0.022347 0.008870 0.000010 0.968753
0.000010 0.000010 0.012398 0.000010 0.000010 0.987562
0.000010 0.000010 0.012245 0.029217 0.000010 0.958509
0.000010 0.000010 0.019186 0.000010 0.000010 0.980774
0.000010 0.000010 0.018375 0.000010 0.000010 0.981585
0.000010 0.000010 0.024943 0.000010 0.000010 0.975017
0.000010 0.000010 0.030882 0.000010 0.000010 0.969078
0.000010 0.000010 0.025135 0.007862 0.000010 0.966973
0.000010 0.000010 0.008485 0.020253 0.000010 0.971232
0.000010 0.000010 0.014105 0.010607 0.000010 0.975258
0.000010 0.000010 0.004131 0.000010 0.000010 0.995829
0.000010 0.000010 0.004493 0.019082 0.000010 0.976395
0.000010 0.000010 0.002407 0.016320 0.000010 0.981243
0.999950 0.000010 0.000010 0.000010 0.000010 0.000010
0.999834 0.000010 0.000126 0.000010 0.000010 0.000010
0.999950 0.000010 0.000010 0.000010 0.000010 0.000010
0.999950 0.000010 0.000010 0.000010 0.000010 0.000010
0.999950 0.000010 0.000010 0.000010 0.000010 0.000010
0.999950 0.000010 0.000010 0.000010 0.000010 0.000010
0.999950 0.000010 0.000010 0.000010 0.000010 0.000010
0.999950 0.000010 0.000010 0.000010 0.000010 0.000010
0.999946 0.000010 0.000014 0.000010 0.000010 0.000010
0.999945 0.000010 0.000015 0.000010 0.000010 0.000010
0.999950 0.000010 0.000010 0.000010 0.000010 0.000010
0.999950 0.000010 0.000010 0.000010 0.000010 0.000010
0.997108 0.000010 0.002852 0.000010 0.000010 0.000010
0.999950 0.000010 0.000010 0.000010 0.000010 0.000010
0.999949 0.000010 0.000010 0.000010 0.000010 0.000010
0.999950 0.000010 0.000010 0.000010 0.000010 0.000010
0.999950 0.000010 0.000010 0.000010 0.000010 0.000010
0.999950 0.000010 0.000010 0.000010 0.000010 0.000010
0.999950 0.000010 0.000010 0.000010 0.000010 0.000010
0.997101 0.000010 0.002859 0.000010 0.000010 0.000010
0.999950 0.000010 0.000010 0.000010 0.000010 0.000010
0.999950 0.000010 0.000010 0.000010 0.000010 0.000010
0.999174 0.000010 0.000786 0.000010 0.000010 0.000010
0.998102 0.000010 0.001858 0.000010 0.000010 0.000010
0.982343 0.000010 0.004143 0.013483 0.000010 0.000010
0.995695 0.000011 0.004264 0.000010 0.000010 0.000010
0.985228 0.000010 0.001898 0.012844 0.000010 0.000010
0.990847 0.000010 0.009113 0.000010 0.000010 0.000010
0.980393 0.000013 0.002216 0.017358 0.000010 0.000010
0.981857 0.000010 0.006639 0.011474 0.000010 0.000010
0.992941 0.000010 0.007019 0.000010 0.000010 0.000010
0.981623 0.000013 0.000010 0.018333 0.000010 0.000010
0.989401 0.000010 0.010559 0.000010 0.000010 0.000010
0.999950 0.000010 0.000010 0.000010 0.000010 0.000010
0.973136 0.000010 0.000010 0.026824 0.000010 0.000010
0.988625 0.000010 0.008627 0.002718 0.000010 0.000010
0.975008 0.000010 0.005297 0.019665 0.000010 0.000010
0.996512 0.000010 0.002117 0.001341 0.000010 0.000010
0.999449 0.000010 0.000511 0.000010 0.000010 0.000010
0.996840 0.000010 0.003120 0.000010 0.000010 0.000010
0.995703 0.000011 0.000010 0.004256 0.000010 0.000010
0.979000 0.000010 0.000010 0.020960 0.000010 0.000010
0.999191 0.000010 0.000769 0.000010 0.000010 0.000010
0.988154 0.000010 0.000010 0.011806 0.000010 0.000010
0.990556 0.000010 0.009404 0.000010 0.000010 0.000010
0.999377 0.000010 0.000583 0.000010 0.000010 0.000010
0.997803 0.000010 0.000010 0.000010 0.002157 0.000010
0.976321 0.000010 0.002287 0.021362 0.000010 0.000010
0.995649 0.000010 0.004311 0.000010 0.000010 0.000010
0.999949 0.000011 0.000010 0.000010 0.000010 0.000010
0.995696 0.000013 0.004261 0.000010 0.000010 0.000010
0.983561 0.000010 0.012254 0.004155 0.000010 0.000010
0.996215 0.000010 0.000010 0.003745 0.000010 0.000010
0.997212 0.000010 0.002748 0.000010 0.000010 0.000010
0.976892 0.000010 0.007500 0.015578 0.000010 0.000010
0.992208 0.000010 0.007752 0.000010 0.000010 0.000010
0.000010 0.000010 0.844659 0.010066 0.000010 0.145244
0.039426 0.000010 0.550001 0.346705 0.001837 0.062021
0.000010 0.000010 0.962139 0.006771 0.000518 0.030552
0.000010 0.000010 0.861909 0.001810 0.000010 0.136251
0.000010 0.000010 0.940894 0.007075 0.000010 0.052001
0.000010 0.000010 0.889875 0.000010 0.000010 0.110085
0.000010 0.000010 0.967260 0.000010 0.000744 0.031966
0.000010 0.000010 0.881549 0.000010 0.000844 0.117577
0.000010 0.000010 0.064570 0.000010 0.806548 0.128852
0.000010 0.000010 0.130268 0.000010 0.620706 0.248996
0.000010 0.000010 0.911843 0.000010 0.000010 0.088117
0.000010 0.000010 0.972192 0.000010 0.002354 0.025423
0.000010 0.000010 0.907791 0.001544 0.000010 0.090635
0.000010 0.000010 0.841522 0.009853 0.009806 0.138799
0.000010 0.000010 0.933699 0.000010 0.000010 0.066261
0.000010 0.000010 0.014674 0.000010 0.984537 0.000759
0.000010 0.000010 0.003078 0.000010 0.853109 0.143783
0.000010 0.000010 0.000010 0.000014 0.999946 0.000010
0.000010 0.000010 0.003519 0.000010 0.848406 0.148044
0.000010 0.000010 0.000010 0.000010 0.999950 0.000010
0.068209 0.000010 0.111761 0.000010 0.756310 0.063700
0.000010 0.000010 0.000010 0.000010 0.999950 0.000010
0.000010 0.000010 0.000010 0.000010 0.999950 0.000010
0.000010 0.000010 0.003606 0.000010 0.890487 0.105877
0.048294 0.000010 0.101573 0.000010 0.697346 0.152767
0.000010 0.000010 0.009910 0.000010 0.820597 0.169463
0.000010 0.000010 0.035292 0.000010 0.724158 0.240520
0.000010 0.000010 0.000010 0.000010 0.999950 0.000010
0.000010 0.000010 0.009575 0.000010 0.865795 0.124600
0.000010 0.000010 0.077016 0.000010 0.918535 0.004418
0.000010 0.000010 0.011531 0.000010 0.951143 0.037296
0.368124 0.000010 0.016335 0.000010 0.580212 0.035309
0.000010 0.000010 0.009035 0.000010 0.872485 0.118450
0.000010 0.000010 0.039833 0.016056 0.679902 0.264189
0.050466 0.000010 0.183727 0.021041 0.744746 0.000010
0.000010 0.000010 0.058968 0.000010 0.940992 0.000010
0.000010 0.000010 0.000010 0.000010 0.999950 0.000010
0.000010 0.000010 0.000579 0.000010 0.999381 0.000010
0.000010 0.000010 0.000010 0.000010 0.999950 0.000010
0.000010 0.000010 0.926118 0.000010 0.000010 0.073842
0.000010 0.000010 0.861543 0.012658 0.000010 0.125769
0.000010 0.000010 0.000010 0.000010 0.999950 0.000010
0.000010 0.000010 0.086699 0.001418 0.666918 0.244945
0.000010 0.000010 0.005831 0.000010 0.702726 0.291413
0.000010 0.000010 0.000010 0.000010 0.999950 0.000010
0.000010 0.000010 0.015973 0.000010 0.725998 0.257999
0.000010 0.000010 0.163449 0.000010 0.613827 0.222694
0.000010 0.000010 0.042745 0.000010 0.905808 0.051417
0.000010 0.000010 0.000010 0.000010 0.999950 0.000010
0.000010 0.000010 0.017822 0.000010 0.747734 0.234415
0.000010 0.000010 0.002462 0.000010 0.878572 0.118936
0.000010 0.000010 0.007741 0.000010 0.782139 0.210090
0.000010 0.000010 0.047082 0.000010 0.797840 0.155048
0.000010 0.000010 0.007174 0.000010 0.879798 0.112997
