0.003560 0.989963 0.006467 0.000010
0.006265 0.980191 0.013534 0.000010
0.000010 0.986178 0.013802 0.000010
0.003467 0.989246 0.007277 0.000010
0.008261 0.984970 0.006759 0.000010
0.000463 0.985630 0.013897 0.000010
0.000010 0.990477 0.009503 0.000010
0.004526 0.975436 0.020029 0.000010
0.004030 0.995748 0.000212 0.000010
0.005890 0.961915 0.032185 0.000010
0.000530 0.980698 0.018762 0.000010
0.008489 0.984091 0.007409 0.000010
0.001788 0.993382 0.004820 0.000010
0.001289 0.994340 0.004361 0.000010
0.009565 0.966300 0.024124 0.000010
0.000010 0.979436 0.020544 0.000010
0.004239 0.995191 0.000559 0.000010
0.000010 0.982700 0.017280 0.000010
0.002005 0.972522 0.025462 0.000010
0.003583 0.984456 0.011950 0.000010
0.000010 0.983838 0.016142 0.000010
0.000010 0.957955 0.042025 0.000010
0.002098 0.970648 0.027244 0.000010
0.009987 0.989924 0.000079 0.000010
0.006439 0.993541 0.000010 0.000010
0.004583 0.980193 0.015214 0.000010
0.001589 0.991063 0.007338 0.000010
0.003798 0.995486 0.000706 0.000010
0.005405 0.981099 0.013486 0.000010
0.003622 0.978839 0.017529 0.000010
0.008473 0.984590 0.006927 0.000010
0.001642 0.973719 0.024629 0.000010
0.002917 0.982387 0.014686 0.000010
0.007037 0.972307 0.020646 0.000010
0.000010 0.979520 0.020460 0.000010
0.005593 0.975416 0.018981 0.000010
0.006816 0.990505 0.002669 0.000010
0.005607 0.976116 0.018267 0.000010
0.005079 0.970826 0.024085 0.000010
0.005756 0.967176 0.027057 0.000010
0.007076 0.987245 0.005669 0.000010
0.010618 0.986107 0.003265 0.000010
0.000010 0.977782 0.022198 0.000010
0.002962 0.967986 0.029041 0.000010
0.000032 0.966448 0.033510 0.000010
0.002318 0.980582 0.017090 0.000010
0.006108 0.993872 0.000010 0.000010
0.006020 0.973468 0.020501 0.000010
0.000715 0.979000 0.020275 0.000010
0.003890 0.979199 0.016901 0.000010
0.004632 0.982932 0.012426 0.000010
0.011003 0.968624 0.020363 0.000010
0.000558 0.984999 0.014434 0.000010
0.005125 0.994855 0.000010 0.000010
0.005555 0.971630 0.022805 0.000010
0.003694 0.994098 0.002198 0.000010
0.002146 0.997834 0.000010 0.000010
0.003525 0.976530 0.019935 0.000010
0.012966 0.980312 0.006713 0.000010
0.002318 0.991189 0.006483 0.000010
0.000010 0.920094 0.000010 0.079886
0.000010 0.926248 0.000010 0.073732
0.001832 0.952984 0.000010 0.045174
0.000010 0.928447 0.000010 0.071533
0.001817 0.908867 0.000010 0.089305
0.000010 0.933009 0.000010 0.066971
0.003308 0.922439 0.010099 0.064153
0.000010 0.922379 0.000010 0.077601
0.014101 0.910996 0.015656 0.059247
0.000010 0.921873 0.000010 0.078107
0.000010 0.928546 0.000071 0.071373
0.000010 0.918772 0.002835 0.078383
0.000010 0.940465 0.008365 0.051160
0.000010 0.906710 0.003677 0.089602
0.000010 0.930047 0.019836 0.050107
0.000010 0.932633 0.000010 0.067347
0.000299 0.924493 0.021481 0.053727
0.002786 0.969186 0.028018 0.000010
0.000683 0.945542 0.053764 0.000010
0.009439 0.972378 0.018172 0.000010
0.000010 0.983078 0.016902 0.000010
0.001160 0.968404 0.030426 0.000010
0.007767 0.971757 0.020466 0.000010
0.001778 0.978793 0.019420 0.000010
0.000010 0.977243 0.022737 0.000010
0.001728 0.998252 0.000010 0.000010
0.005359 0.967686 0.026945 0.000010
0.004215 0.987116 0.008659 0.000010
0.009972 0.978625 0.011392 0.000010
0.002863 0.983171 0.013956 0.000010
0.007213 0.964446 0.028331 0.000010
0.003351 0.968071 0.028569 0.000010
0.008831 0.949222 0.028220 0.013727
0.000010 0.974645 0.025335 0.000010
0.002089 0.969021 0.028880 0.000010
0.004326 0.977148 0.018515 0.000010
0.002566 0.982051 0.015373 0.000010
0.000010 0.985046 0.014934 0.000010
0.007960 0.987178 0.004853 0.000010
0.002945 0.984090 0.012954 0.000010
0.002364 0.997616 0.000010 0.000010
0.004562 0.987484 0.007944 0.000010
0.009391 0.984531 0.006068 0.000010
0.000446 0.997809 0.001735 0.000010
0.003529 0.978586 0.017875 0.000010
0.000192 0.982713 0.017085 0.000010
0.000010 0.973647 0.026333 0.000010
0.005141 0.973548 0.021302 0.000010
0.000289 0.985422 0.014279 0.000010
0.000671 0.924038 0.005266 0.070025
0.000010 0.909479 0.000010 0.090501
0.000010 0.943401 0.001547 0.055041
0.004967 0.922358 0.000010 0.072666
0.000010 0.944474 0.004298 0.051218
0.000010 0.904703 0.003534 0.091753
0.006064 0.897762 0.000010 0.096164
0.000010 0.948383 0.000010 0.051597
0.000010 0.941130 0.000010 0.058850
0.004445 0.950618 0.000119 0.044818
0.000010 0.921462 0.000010 0.078518
0.000010 0.956289 0.005898 0.037802
0.000010 0.913230 0.022843 0.063917
0.000010 0.925475 0.000010 0.074505
0.000010 0.927765 0.008264 0.063962
0.000010 0.922755 0.001703 0.075532
0.000010 0.924304 0.007041 0.068645
0.000010 0.918598 0.000010 0.081382
0.000010 0.932748 0.000010 0.067232
0.000010 0.919232 0.000010 0.080748
0.000034 0.937885 0.000010 0.062072
0.000010 0.908711 0.013088 0.078191
0.004140 0.923555 0.001794 0.070511
0.000010 0.936155 0.000010 0.063825
0.007095 0.912303 0.000010 0.080592
0.005268 0.930819 0.000010 0.063903
0.000010 0.948809 0.000010 0.051171
0.001601 0.948793 0.007058 0.042548
0.000010 0.937941 0.004162 0.057887
0.000010 0.928139 0.000010 0.071841
0.000010 0.920822 0.013314 0.065854
0.000010 0.946427 0.005062 0.048500
0.000010 0.924064 0.007720 0.068205
0.002591 0.926066 0.000010 0.071333
0.000010 0.924146 0.000010 0.075834
0.000010 0.925479 0.002894 0.071617
0.000010 0.915253 0.000010 0.084727
0.000010 0.921271 0.000010 0.078709
0.000010 0.936090 0.000010 0.063890
0.000057 0.916225 0.000010 0.083708
0.000010 0.955359 0.000883 0.043748
0.001732 0.950497 0.007874 0.039897
0.000010 0.929804 0.000010 0.070176
0.000010 0.939672 0.000010 0.060308
0.009564 0.924143 0.000010 0.066283
0.000010 0.955057 0.002715 0.042218
0.000010 0.932224 0.000010 0.067756
0.000010 0.929074 0.000010 0.070906
0.000010 0.945860 0.010824 0.043306
0.001814 0.928663 0.009828 0.059695
0.000010 0.917740 0.007738 0.074512
0.008861 0.922104 0.025038 0.043998
0.000010 0.924823 0.007508 0.067659
0.000495 0.919615 0.000010 0.079880
0.000010 0.951303 0.026581 0.022106
0.000010 0.935572 0.000010 0.064408
0.000010 0.945723 0.001197 0.053070
0.004092 0.924582 0.000010 0.071317
0.007438 0.960135 0.010494 0.021933
0.000010 0.931460 0.000010 0.068520
0.000010 0.919554 0.000010 0.080426
0.000010 0.949602 0.000010 0.050378
0.000853 0.931499 0.000010 0.067639
0.000010 0.932770 0.000010 0.067210
0.000010 0.902099 0.000010 0.097881
0.000010 0.956752 0.000010 0.043228
0.000010 0.929314 0.003691 0.066986
0.000010 0.912978 0.000010 0.087002
0.000010 0.919209 0.017785 0.062996
0.002577 0.932506 0.000010 0.064907
0.000010 0.929738 0.000010 0.070242
0.000010 0.920411 0.010624 0.068955
0.000010 0.917066 0.003514 0.079410
0.000010 0.911461 0.006417 0.082112
0.000010 0.917999 0.015503 0.066488
0.010427 0.931418 0.005049 0.053105
0.003519 0.922129 0.021476 0.052876
0.000010 0.911239 0.000010 0.088741
0.002755 0.920316 0.004935 0.071995
0.000011 0.958409 0.000010 0.041570
0.000010 0.836012 0.000010 0.163968
0.000010 0.928156 0.000010 0.071824
0.000528 0.916833 0.012896 0.069744
0.000010 0.970285 0.000010 0.029695
0.000010 0.939683 0.005235 0.055071
0.000372 0.920003 0.000010 0.079615
0.000010 0.927292 0.000010 0.072688
0.000010 0.930582 0.000010 0.069398
0.000018 0.000010 0.000010 0.999962
0.000010 0.000010 0.000010 0.999970
0.000010 0.000010 0.000010 0.999970
0.000010 0.000010 0.000010 0.999970
0.000010 0.000010 0.000010 0.999970
0.000010 0.000010 0.000010 0.999970
0.000010 0.000010 0.000010 0.999970
0.000010 0.000010 0.000010 0.999970
0.000010 0.000010 0.000010 0.999970
0.000010 0.000010 0.000010 0.999970
0.000010 0.000010 0.000010 0.999970
0.000010 0.000010 0.000010 0.999970
0.000010 0.000010 0.000010 0.999970
0.000012 0.000010 0.000010 0.999968
0.000010 0.000010 0.000010 0.999970
0.000010 0.000010 0.000010 0.999970
0.000010 0.000010 0.000010 0.999970
0.000010 0.000010 0.000010 0.999970
0.000010 0.000010 0.000010 0.999970
0.000010 0.000010 0.000010 0.999970
0.000010 0.000010 0.000010 0.999970
0.000010 0.000010 0.000010 0.999970
0.000010 0.000014 0.000010 0.999966
0.000010 0.000010 0.000010 0.999970
0.000010 0.000010 0.000010 0.999970
0.000010 0.000010 0.000010 0.999970
0.000013 0.000010 0.000010 0.999967
0.000010 0.000010 0.000010 0.999970
0.000010 0.000010 0.000010 0.999970
0.000010 0.000010 0.000010 0.999970
0.000010 0.000010 0.000010 0.999970
0.000010 0.000010 0.000010 0.999970
0.000010 0.000010 0.000010 0.999970
0.000014 0.000010 0.000010 0.999966
0.000010 0.000010 0.000010 0.999970
0.000010 0.000010 0.000010 0.999970
0.000010 0.000010 0.000010 0.999970
0.000010 0.000010 0.000010 0.999970
0.000010 0.000010 0.000010 0.999970
0.000010 0.000010 0.000010 0.999970
0.000010 0.000010 0.000010 0.999970
0.000010 0.000010 0.000010 0.999970
0.110195 0.802578 0.000010 0.087217
0.196967 0.683569 0.000010 0.119454
0.096228 0.834051 0.016664 0.053057
0.000010 0.000010 0.000010 0.999970
0.000010 0.000010 0.000010 0.999970
0.000010 0.000010 0.000010 0.999970
0.000016 0.000010 0.000010 0.999964
0.000010 0.000010 0.000010 0.999970
0.000010 0.000010 0.000010 0.999970
0.000010 0.000010 0.000010 0.999970
0.000010 0.000010 0.000010 0.999970
0.000010 0.000010 0.000010 0.999970
0.000010 0.000010 0.000010 0.999970
0.000010 0.000010 0.000010 0.999970
0.005040 0.000010 0.000010 0.994940
0.000010 0.000012 0.000010 0.999968
0.000010 0.000010 0.000010 0.999970
0.000010 0.000010 0.000010 0.999970
0.000010 0.000010 0.000010 0.999970
0.000010 0.000010 0.000010 0.999970
0.000010 0.000010 0.000010 0.999970
0.000016 0.000014 0.000010 0.999960
0.000010 0.000010 0.000010 0.999970
0.000010 0.000010 0.000010 0.999970
0.000010 0.000010 0.000010 0.999970
0.000010 0.000010 0.000010 0.999970
0.000010 0.000010 0.000010 0.999970
0.000010 0.000010 0.000010 0.999970
0.000010 0.000010 0.000010 0.999970
0.000159 0.000010 0.000010 0.999821
0.000010 0.000010 0.000010 0.999970
0.000010 0.000010 0.000010 0.999970
0.000010 0.000010 0.000010 0.999970
0.000010 0.000010 0.000010 0.999970
0.000010 0.000010 0.000010 0.999970
0.000010 0.000010 0.000010 0.999970
0.000010 0.000010 0.000010 0.999970
0.000010 0.000010 0.000010 0.999970
0.172833 0.749676 0.000959 0.076533
0.189553 0.722956 0.000010 0.087481
0.094776 0.826210 0.005351 0.073663
0.097284 0.798706 0.003816 0.100193
0.000010 0.000010 0.000010 0.999970
0.000010 0.000010 0.000010 0.999970
0.000010 0.000010 0.000010 0.999970
0.000010 0.000010 0.000010 0.999970
0.000010 0.000010 0.000010 0.999970
0.000010 0.000010 0.000010 0.999970
0.000010 0.000010 0.000010 0.999970
0.000010 0.000010 0.000010 0.999970
0.000264 0.000010 0.000010 0.999716
0.000010 0.000010 0.000010 0.999970
0.000010 0.000010 0.000010 0.999970
0.000010 0.000011 0.000010 0.999969
0.000010 0.000010 0.000010 0.999970
0.000010 0.000010 0.000010 0.999970
0.000010 0.000010 0.000010 0.999970
0.000010 0.000010 0.000010 0.999970
0.000010 0.000010 0.000010 0.999970
0.000010 0.000010 0.000010 0.999970
0.000010 0.000010 0.000010 0.999970
0.000010 0.000010 0.000010 0.999970
0.000010 0.000010 0.000010 0.999970
0.000010 0.000010 0.000010 0.999970
0.000010 0.000010 0.000010 0.999970
0.000010 0.000010 0.000010 0.999970
0.000010 0.000010 0.000010 0.999970
0.000010 0.000010 0.000010 0.999970
0.000010 0.000010 0.000010 0.999970
0.000010 0.000010 0.000010 0.999970
0.044953 0.908404 0.001934 0.044709
0.073367 0.831178 0.005318 0.090137
0.121680 0.762584 0.000010 0.115726
0.070803 0.863432 0.000010 0.065755
0.096292 0.838701 0.024060 0.040948
0.067690 0.901021 0.013210 0.018079
0.131411 0.791136 0.000010 0.077442
0.078868 0.875012 0.028562 0.017558
0.117365 0.741529 0.000010 0.141096
0.000010 0.000010 0.000010 0.999970
0.000010 0.000010 0.000010 0.999970
0.004421 0.000010 0.000010 0.995559
0.000010 0.000010 0.000010 0.999970
0.006846 0.000010 0.000010 0.993134
0.002057 0.000010 0.000010 0.997923
0.002266 0.000010 0.000010 0.997714
0.000010 0.000010 0.000010 0.999970
0.000010 0.000010 0.002803 0.997177
0.000010 0.000010 0.000010 0.999970
0.000010 0.000010 0.000010 0.999970
0.000010 0.000010 0.000010 0.999970
0.000010 0.000010 0.000010 0.999970
0.000010 0.000010 0.000010 0.999970
0.001616 0.000010 0.000010 0.998364
0.100266 0.838348 0.011331 0.050056
0.129798 0.783466 0.000070 0.086666
0.242955 0.677031 0.000010 0.080005
0.220460 0.640115 0.000010 0.139415
0.232789 0.651741 0.000010 0.115460
0.078038 0.812433 0.012527 0.097002
0.143929 0.780828 0.000010 0.075233
0.137883 0.746292 0.011245 0.104581
0.102369 0.825906 0.000010 0.071715
0.085926 0.831050 0.000010 0.083014
0.370982 0.557101 0.000010 0.071906
0.189479 0.738339 0.000010 0.072172
0.081987 0.828823 0.000957 0.088233
0.097374 0.831705 0.000010 0.070911
0.100825 0.801373 0.000973 0.096829
0.066064 0.840828 0.007781 0.085327
0.105530 0.818365 0.015796 0.060310
0.090975 0.814971 0.018634 0.075420
0.110988 0.846311 0.010930 0.031770
0.196745 0.685654 0.000010 0.117590
0.173097 0.747536 0.002770 0.076598
0.113562 0.767515 0.000010 0.118913
0.218193 0.687687 0.000010 0.094111
0.117770 0.795975 0.000010 0.086246
0.142495 0.784142 0.005756 0.067608
0.142180 0.746610 0.000010 0.111200
0.198753 0.708645 0.026407 0.066195
0.161360 0.750433 0.009268 0.078939
0.266095 0.660350 0.000010 0.073545
0.147446 0.762938 0.011787 0.077829
0.115072 0.791268 0.006164 0.087496
0.112930 0.792771 0.000010 0.094288
0.104696 0.804202 0.000010 0.091091
0.178100 0.717413 0.000010 0.104477
0.177510 0.746082 0.016291 0.060117
0.109375 0.811522 0.019121 0.059982
0.097868 0.847380 0.007552 0.047200
0.251869 0.680740 0.000010 0.067381
0.654555 0.304544 0.000010 0.040891
0.139081 0.768540 0.000010 0.092369
0.119552 0.794613 0.000010 0.085825
0.043254 0.916422 0.000010 0.040314
0.022056 0.781444 0.000010 0.196490
0.040330 0.900708 0.000010 0.058952
0.070209 0.739033 0.001169 0.189589
0.080083 0.786189 0.000010 0.133718
0.148463 0.663092 0.000010 0.188435
0.108316 0.718471 0.000010 0.173203
0.073783 0.766817 0.000010 0.159390
0.069471 0.770121 0.000010 0.160398
0.039098 0.857769 0.000010 0.103123
0.138008 0.731919 0.000010 0.130064
0.101309 0.742527 0.000010 0.156154
0.036860 0.735049 0.000010 0.228081
0.188151 0.622123 0.000010 0.189716
0.053845 0.773118 0.000010 0.173027
0.192902 0.562953 0.000010 0.244135
0.069105 0.757379 0.000010 0.173506
0.117277 0.585350 0.000010 0.297363
0.200979 0.685571 0.000010 0.113440
0.132019 0.768262 0.000010 0.099708
0.116261 0.808775 0.000010 0.074954
0.238151 0.674871 0.000010 0.086968
0.056302 0.858317 0.069879 0.015502
0.135380 0.755948 0.005187 0.103484
0.202985 0.705094 0.000010 0.091910
0.097747 0.859727 0.012823 0.029703
0.092209 0.825661 0.005804 0.076325
0.101771 0.809107 0.010469 0.078653
0.086672 0.790973 0.007125 0.115230
0.143604 0.752479 0.016944 0.086973
0.132788 0.768130 0.000010 0.099072
0.195557 0.659016 0.000010 0.145416
0.233910 0.625449 0.000010 0.140631
0.180677 0.690074 0.000010 0.129239
0.095607 0.787076 0.000010 0.117307
0.084693 0.837412 0.004339 0.073556
0.212508 0.715761 0.000010 0.071721
0.059683 0.863250 0.035384 0.041683
0.136838 0.777035 0.006869 0.079258
0.138954 0.785538 0.011797 0.063712
0.692540 0.271795 0.001872 0.033793
0.522766 0.443262 0.003347 0.030625
0.219045 0.692119 0.000010 0.088826
0.125813 0.790280 0.029840 0.054067
0.093417 0.713604 0.000010 0.192969
0.034536 0.799103 0.000010 0.166351
0.053498 0.811298 0.000010 0.135194
0.190616 0.620997 0.000010 0.188377
0.024621 0.875256 0.000010 0.100114
0.036289 0.795206 0.000010 0.168494
0.054363 0.880225 0.000010 0.065403
0.147619 0.642753 0.000010 0.209618
0.075307 0.758024 0.000010 0.166659
0.097702 0.752284 0.000010 0.150003
0.187535 0.604145 0.000010 0.208311
0.034949 0.962079 0.000010 0.002962
0.024316 0.748140 0.000010 0.227534
0.037176 0.792238 0.000010 0.170575
0.036597 0.798592 0.000010 0.164802
0.085525 0.785450 0.000010 0.129015
0.261630 0.662877 0.000010 0.075483
0.142046 0.744180 0.006420 0.107354
0.138380 0.743127 0.000010 0.118483
0.168877 0.730231 0.000010 0.100882
0.244099 0.663746 0.000010 0.092145
0.108896 0.817922 0.029753 0.043428
0.150291 0.765368 0.000010 0.084331
0.133121 0.780166 0.000010 0.086703
0.158502 0.794367 0.000010 0.047121
0.129749 0.755162 0.000010 0.115079
0.005945 0.973684 0.020361 0.000010
0.005941 0.584558 0.000010 0.409491
0.357588 0.495352 0.000010 0.147050
0.042419 0.688598 0.000010 0.268973
0.069075 0.783019 0.000010 0.147896
0.053039 0.692699 0.000010 0.254251
0.084043 0.675614 0.000010 0.240333
0.028472 0.799759 0.000010 0.171759
0.041293 0.826360 0.000010 0.132337
0.038862 0.873994 0.000010 0.087134
0.076320 0.740230 0.001365 0.182085
0.024012 0.787216 0.000010 0.188762
0.062261 0.779635 0.000010 0.158094
0.072131 0.767018 0.005669 0.155181
0.129614 0.723145 0.000010 0.147230
0.181953 0.608621 0.000010 0.209416
0.151038 0.681701 0.000010 0.167251
0.113433 0.694696 0.000010 0.191861
0.128816 0.539722 0.000010 0.331452
0.059096 0.762207 0.000010 0.178686
0.035649 0.808262 0.000010 0.156079
0.150421 0.644611 0.000010 0.204958
0.107675 0.684558 0.000010 0.207757
0.046468 0.714403 0.000010 0.239120
0.042293 0.818773 0.000010 0.138924
0.071940 0.781872 0.000010 0.146178
0.075991 0.846769 0.008782 0.068458
0.281978 0.517555 0.000010 0.200457
0.186081 0.704451 0.001256 0.108212
0.224537 0.684756 0.012118 0.078589
0.095291 0.833598 0.000010 0.071101
0.193047 0.677342 0.000010 0.129601
0.181088 0.711682 0.014309 0.092922
0.178872 0.711403 0.000010 0.109715
0.177855 0.723112 0.000010 0.099023
0.123188 0.799787 0.000010 0.077015
0.105947 0.769827 0.000010 0.124217
0.160031 0.713723 0.004778 0.121468
0.155137 0.739120 0.000010 0.105733
0.112229 0.712764 0.000010 0.174997
0.039166 0.805085 0.000010 0.155739
0.043560 0.598549 0.000010 0.357880
0.032156 0.901045 0.000010 0.066789
0.042535 0.929298 0.013925 0.014242
0.184628 0.673520 0.000010 0.141841
0.035085 0.687984 0.000010 0.276922
0.054208 0.568135 0.000010 0.377647
0.112642 0.700110 0.000010 0.187238
0.080999 0.757061 0.000010 0.161929
0.042197 0.684802 0.000010 0.272990
0.061501 0.689312 0.000010 0.249177
0.042677 0.698341 0.000010 0.258971
0.180177 0.568311 0.000010 0.251502
0.289456 0.491634 0.000010 0.218899
0.194613 0.606738 0.000010 0.198640
0.032743 0.870387 0.001338 0.095532
0.032012 0.861128 0.000498 0.106362
0.054443 0.725975 0.000010 0.219572
0.040531 0.880186 0.000010 0.079273
0.050042 0.876398 0.007388 0.066172
0.372000 0.455055 0.000010 0.172935
0.039884 0.722273 0.000010 0.237833
0.161691 0.747021 0.000010 0.091278
0.028218 0.886817 0.010410 0.074554
0.038951 0.862489 0.000010 0.098550
0.046346 0.819405 0.008534 0.125715
0.094283 0.627344 0.000010 0.278363
0.129110 0.608804 0.000010 0.262076
0.057855 0.712154 0.000010 0.229981
0.058275 0.713487 0.000010 0.228228
0.037994 0.952938 0.009057 0.000010
0.049400 0.949805 0.000785 0.000010
0.019225 0.963540 0.017225 0.000010
0.032713 0.967267 0.000010 0.000010
0.045201 0.928249 0.026540 0.000010
0.033485 0.946905 0.019600 0.000010
0.040922 0.949772 0.009296 0.000010
0.031610 0.964995 0.003384 0.000010
0.022745 0.977235 0.000010 0.000010
0.019506 0.976417 0.004067 0.000010
0.007655 0.992325 0.000010 0.000010
0.006499 0.993481 0.000010 0.000010
0.012975 0.987005 0.000010 0.000010
0.015995 0.983985 0.000010 0.000010
0.013454 0.983694 0.002842 0.000010
0.007574 0.992406 0.000010 0.000010
0.031514 0.950397 0.018079 0.000010
0.038080 0.931325 0.030585 0.000010
0.046343 0.945365 0.008282 0.000010
0.042854 0.954220 0.002916 0.000010
0.038163 0.938976 0.022851 0.000010
0.041424 0.945676 0.012890 0.000010
0.029902 0.965515 0.004572 0.000010
0.028312 0.958379 0.013299 0.000010
0.075978 0.797694 0.000010 0.126317
0.390586 0.457040 0.000010 0.152363
0.235060 0.537043 0.000010 0.227887
0.000010 0.522886 0.000010 0.477094
0.025831 0.663333 0.000010 0.310825
0.000010 0.541958 0.000010 0.458022
0.000010 0.352709 0.000010 0.647271
0.074773 0.646609 0.000010 0.278608
0.008619 0.579614 0.000010 0.411757
0.002973 0.212284 0.784733 0.000010
0.009392 0.221978 0.762079 0.006551
0.009153 0.239569 0.751268 0.000010
0.000817 0.253608 0.745565 0.000010
0.002246 0.000010 0.000010 0.997734
0.006456 0.000010 0.030198 0.963336
0.003857 0.000010 0.008795 0.987338
0.007495 0.000010 0.010213 0.982283
0.000010 0.000010 0.020135 0.979845
0.000010 0.000010 0.000010 0.999970
0.042457 0.946001 0.011532 0.000010
0.043549 0.956431 0.000010 0.000010
0.026250 0.955786 0.017954 0.000010
0.030186 0.969794 0.000010 0.000010
0.032377 0.951877 0.015736 0.000010
0.029541 0.970439 0.000010 0.000010
0.040527 0.958825 0.000638 0.000010
0.038243 0.961737 0.000010 0.000010
0.026325 0.959836 0.013829 0.000010
0.028433 0.946471 0.025086 0.000010
0.042230 0.947518 0.010242 0.000010
0.035966 0.926761 0.035888 0.001386
0.026668 0.942578 0.030744 0.000010
0.034674 0.950455 0.014861 0.000010
0.048490 0.951490 0.000010 0.000010
0.041439 0.945404 0.013148 0.000010
0.029536 0.970444 0.000010 0.000010
0.050846 0.923372 0.025772 0.000010
0.085991 0.886262 0.027737 0.000010
0.072262 0.922866 0.004862 0.000010
0.021418 0.964019 0.014553 0.000010
0.026366 0.953086 0.020538 0.000010
0.047657 0.912478 0.039855 0.000010
0.057145 0.927714 0.015130 0.000010
0.023846 0.970769 0.005376 0.000010
0.025937 0.952665 0.021388 0.000010
0.019379 0.967270 0.013341 0.000010
0.026965 0.967606 0.005419 0.000010
0.016400 0.983580 0.000010 0.000010
0.025721 0.974259 0.000010 0.000010
0.028375 0.971605 0.000010 0.000010
0.026323 0.973657 0.000010 0.000010
0.024787 0.975193 0.000010 0.000010
0.017093 0.969128 0.013769 0.000010
0.042601 0.945252 0.012137 0.000010
0.032493 0.958216 0.009280 0.000010
0.063562 0.916301 0.020127 0.000010
0.074281 0.923112 0.002597 0.000010
0.042598 0.942045 0.015346 0.000010
0.039779 0.957166 0.003044 0.000010
0.010211 0.989769 0.000010 0.000010
0.010371 0.982922 0.006698 0.000010
0.045578 0.935486 0.018926 0.000010
0.044016 0.953203 0.002770 0.000010
0.040598 0.935895 0.023497 0.000010
0.031546 0.949143 0.019302 0.000010
0.044121 0.939774 0.016095 0.000010
0.033937 0.949980 0.016073 0.000010
0.030031 0.969949 0.000010 0.000010
0.031647 0.945737 0.022606 0.000010
0.036739 0.954299 0.008952 0.000010
0.045682 0.943569 0.010739 0.000010
0.033103 0.966877 0.000010 0.000010
0.024831 0.955454 0.019706 0.000010
0.030098 0.956508 0.013385 0.000010
0.051512 0.937990 0.010488 0.000010
0.042292 0.944408 0.013290 0.000010
0.031362 0.948098 0.020530 0.000010
0.042067 0.957913 0.000010 0.000010
0.021983 0.977997 0.000010 0.000010
0.027997 0.956749 0.015245 0.000010
0.018615 0.976130 0.005245 0.000010
0.017332 0.942643 0.040015 0.000010
0.022228 0.961068 0.016694 0.000010
0.022517 0.970029 0.007445 0.000010
0.030739 0.963047 0.006204 0.000010
0.036514 0.958982 0.004494 0.000010
0.030011 0.951876 0.018103 0.000010
0.015400 0.965305 0.019285 0.000010
0.017782 0.969560 0.012648 0.000010
0.007880 0.992100 0.000010 0.000010
0.006006 0.961856 0.032128 0.000010
0.006842 0.969652 0.023497 0.000010
0.000010 0.000010 0.000010 0.999970
0.003017 0.000010 0.000010 0.996963
0.000010 0.000010 0.000010 0.999970
0.000010 0.000010 0.000010 0.999970
0.000010 0.000010 0.000010 0.999970
0.000010 0.000010 0.000010 0.999970
0.000010 0.000010 0.000010 0.999970
0.000010 0.000010 0.000010 0.999970
0.000068 0.000010 0.000010 0.999912
0.002309 0.000010 0.000010 0.997671
0.000024 0.000010 0.000010 0.999956
0.000010 0.000010 0.000010 0.999970
0.004433 0.000010 0.000010 0.995547
0.000018 0.000010 0.000010 0.999962
0.000010 0.000010 0.000010 0.999970
0.000010 0.000010 0.000010 0.999970
0.000010 0.000010 0.000010 0.999970
0.000010 0.000010 0.000010 0.999970
0.000510 0.000010 0.000010 0.999470
0.004127 0.000010 0.000010 0.995853
0.000010 0.000010 0.000010 0.999970
0.000010 0.000010 0.000010 0.999970
0.002454 0.000010 0.004717 0.992819
0.004226 0.000010 0.000010 0.995754
0.004833 0.000010 0.016915 0.978243
0.006194 0.000010 0.000010 0.993786
0.002361 0.000010 0.013076 0.984554
0.012027 0.000010 0.000010 0.987953
0.003198 0.000010 0.019562 0.977229
0.007527 0.000010 0.015900 0.976562
0.008163 0.000010 0.004492 0.987335
0.000014 0.000010 0.023889 0.976087
0.011440 0.000010 0.000010 0.988540
0.000010 0.000010 0.000010 0.999970
0.001763 0.000010 0.028021 0.970206
0.009884 0.000010 0.005285 0.984821
0.006854 0.000010 0.021858 0.971278
0.003057 0.000010 0.008728 0.988205
0.004057 0.000010 0.000010 0.995923
0.004011 0.000010 0.000010 0.995969
0.000634 0.000010 0.009452 0.989905
0.000010 0.000010 0.023225 0.976755
0.004110 0.000010 0.001853 0.994027
0.000276 0.000010 0.015677 0.984038
0.012008 0.000010 0.000010 0.987972
0.002881 0.000010 0.000010 0.997099
0.000014 0.000010 0.000010 0.999966
0.003224 0.000010 0.023935 0.972831
0.005104 0.000010 0.004813 0.990072
0.000010 0.000010 0.000010 0.999970
0.005798 0.000010 0.000010 0.994182
0.012093 0.000010 0.013024 0.974873
0.000010 0.000010 0.007881 0.992099
0.003814 0.000010 0.000010 0.996166
0.009529 0.000010 0.018540 0.971921
0.009685 0.000010 0.000010 0.990295
0.844136 0.145381 0.010473 0.000010
0.553000 0.060197 0.349358 0.037444
0.962229 0.033157 0.004604 0.000010
0.861716 0.136924 0.001350 0.000010
0.940813 0.053367 0.005811 0.000010
0.889217 0.110763 0.000010 0.000010
0.967242 0.032738 0.000010 0.000010
0.881226 0.118754 0.000010 0.000010
0.050355 0.443719 0.000010 0.505917
0.121448 0.496868 0.000010 0.381674
0.912174 0.087806 0.000010 0.000010
0.972901 0.027076 0.000013 0.000010
0.907128 0.091090 0.001772 0.000010
0.842245 0.145306 0.012439 0.000010
0.933308 0.066672 0.000010 0.000010
0.002058 0.415081 0.000010 0.582850
0.000016 0.484925 0.000010 0.515049
0.000010 0.344233 0.000010 0.655747
0.000010 0.458971 0.000010 0.541009
0.000012 0.355327 0.000010 0.644651
0.094645 0.361928 0.000010 0.543417
0.000010 0.308008 0.000010 0.691972
0.000010 0.355696 0.000010 0.644284
0.000010 0.467448 0.000010 0.532532
0.088792 0.420022 0.000010 0.491176
0.002961 0.502707 0.000010 0.494323
0.026329 0.524616 0.000010 0.449046
0.000010 0.315488 0.000010 0.684492
0.009735 0.474451 0.000010 0.515804
0.051492 0.387759 0.000010 0.560740
0.000010 0.425726 0.000010 0.574254
0.008599 0.269854 0.000010 0.721536
0.000010 0.453305 0.000010 0.546675
0.035749 0.534098 0.000010 0.430143
0.163441 0.317559 0.000010 0.518989
0.041042 0.362027 0.000010 0.596921
0.004718 0.312257 0.000010 0.683015
0.000010 0.382443 0.000010 0.617537
0.000010 0.372133 0.000010 0.627847
0.925865 0.074115 0.000010 0.000010
0.861100 0.126330 0.012559 0.000010
0.000019 0.316731 0.000010 0.683240
0.074448 0.507146 0.000010 0.418396
0.004725 0.568920 0.000010 0.426345
0.000010 0.329347 0.000010 0.670633
0.006939 0.550643 0.000010 0.442408
0.150508 0.466428 0.000010 0.383054
0.022999 0.425999 0.000010 0.550993
0.000010 0.333739 0.000010 0.666241
0.009781 0.520730 0.000010 0.469479
0.000010 0.465297 0.000010 0.534682
0.000018 0.516691 0.000010 0.483280
0.034952 0.477225 0.000010 0.487813
0.000010 0.464007 0.000010 0.535973
0.925789 0.065980 0.008221 0.000010
0.874832 0.125148 0.000010 0.000010
0.488996 0.370145 0.088589 0.052270
0.740435 0.131648 0.069971 0.057947
0.927755 0.072225 0.000010 0.000010
0.008299 0.476426 0.000010 0.515265
0.000010 0.377747 0.000010 0.622233
0.000010 0.378070 0.000010 0.621910
0.000010 0.465281 0.000010 0.534699
0.000015 0.439043 0.000010 0.560933
0.391400 0.398576 0.000010 0.210014
0.000010 0.417972 0.000010 0.582008
0.862397 0.137583 0.000010 0.000010
0.845715 0.154265 0.000010 0.000010
0.925639 0.074341 0.000010 0.000010
0.977544 0.022436 0.000010 0.000010
0.872415 0.119406 0.008169 0.000010
0.000010 0.000010 0.103447 0.896533
0.001479 0.000010 0.030867 0.967644
0.000019 0.000010 0.000010 0.999961
0.003951 0.000010 0.018874 0.977165
0.006011 0.000010 0.000010 0.993969
0.001823 0.000010 0.000010 0.998157
0.004167 0.000010 0.000010 0.995813
0.010489 0.000010 0.000010 0.989491
0.000010 0.000010 0.000010 0.999970
0.002604 0.000010 0.000010 0.997376
0.000010 0.000010 0.000010 0.999970
0.008470 0.000010 0.016570 0.974950
0.006507 0.000010 0.000010 0.993473
0.000010 0.000010 0.017891 0.982089
0.002167 0.000010 0.025033 0.972791
0.005111 0.000010 0.018273 0.976605
0.007438 0.000010 0.000010 0.992542
0.977310 0.022670 0.000010 0.000010
0.977815 0.022165 0.000010 0.000010
0.936099 0.063881 0.000010 0.000010
0.873797 0.126183 0.000010 0.000010
0.004587 0.000010 0.013947 0.981456
0.009994 0.000010 0.035751 0.954244
0.006497 0.000010 0.000010 0.993483
0.000010 0.000010 0.036028 0.963952
0.007666 0.000010 0.005601 0.986724
0.008677 0.000010 0.018277 0.973037
0.002277 0.000010 0.026513 0.971200
0.000010 0.000010 0.000423 0.999557
0.006575 0.000010 0.018676 0.974739
0.000010 0.000010 0.000010 0.999970
0.000010 0.000010 0.030546 0.969434
0.001640 0.000010 0.000010 0.998340
0.004182 0.000010 0.000010 0.995798
0.008027 0.000010 0.000010 0.991953
0.009480 0.000010 0.000010 0.990500
0.000010 0.000010 0.006191 0.993789
0.004429 0.000010 0.014151 0.981410
0.000010 0.000010 0.020202 0.979778
0.006814 0.000010 0.010764 0.982412
0.004721 0.000010 0.009221 0.986048
0.004465 0.000010 0.000010 0.995515
0.009459 0.547707 0.000010 0.442824
0.118020 0.498199 0.000010 0.383771
0.935617 0.064363 0.000010 0.000010
0.000010 0.420565 0.000010 0.579415
0.000010 0.385982 0.000010 0.613998
0.000010 0.355952 0.000010 0.644028
0.971235 0.028745 0.000010 0.000010
0.840117 0.148822 0.011050 0.000010
0.928804 0.071176 0.000010 0.000010
0.000010 0.000010 0.035685 0.964295
0.006758 0.000010 0.031326 0.961906
0.008683 0.000010 0.001262 0.990046
0.005202 0.000010 0.000010 0.994778
0.005073 0.000010 0.000010 0.994907
0.010026 0.000010 0.000010 0.989954
0.002859 0.000010 0.006990 0.990141
0.008559 0.000010 0.083195 0.908235
0.007154 0.000010 0.003867 0.988969
0.007147 0.000010 0.015063 0.977780
0.004491 0.000010 0.043173 0.952325
0.000010 0.000010 0.000924 0.999056
0.008003 0.000010 0.000010 0.991977
0.007109 0.000010 0.003297 0.989585
0.003518 0.000010 0.000010 0.996462
0.004244 0.000010 0.000010 0.995736
0.002857 0.076015 0.026404 0.894723
0.819790 0.173887 0.006313 0.000010
0.938712 0.056090 0.005188 0.000010
0.000010 0.404230 0.000010 0.595750
0.000010 0.384422 0.000010 0.615558
0.000010 0.360352 0.000010 0.639628
0.000010 0.000010 0.000010 0.999970
0.001936 0.000010 0.000010 0.998044
0.000010 0.000010 0.000010 0.999970
0.000010 0.000010 0.000010 0.999970
0.001920 0.000010 0.000010 0.998060
0.000010 0.000010 0.000010 0.999970
0.002275 0.000010 0.000010 0.997705
0.003267 0.000010 0.000010 0.996713
0.002113 0.000010 0.000010 0.997867
0.000010 0.000010 0.000010 0.999970
0.001436 0.000010 0.000010 0.998544
0.001435 0.000010 0.000010 0.998545
0.000010 0.000010 0.000010 0.999970
0.000010 0.000010 0.000010 0.999970
0.000010 0.000010 0.000010 0.999970
0.005345 0.000010 0.000010 0.994635
0.000010 0.000010 0.000010 0.999970
0.004642 0.000010 0.000010 0.995338
0.000528 0.000010 0.000010 0.999452
0.000010 0.000010 0.000010 0.999970
0.004575 0.000010 0.000010 0.995405
0.000010 0.000010 0.000010 0.999970
0.001769 0.000010 0.000010 0.998211
0.005927 0.000010 0.000010 0.994053
0.000010 0.000010 0.000010 0.999970
0.005616 0.994364 0.000010 0.000010
0.030536 0.960002 0.009452 0.000010
0.019663 0.949930 0.030396 0.000010
0.029701 0.970279 0.000010 0.000010
0.031201 0.968202 0.000586 0.000010
0.022396 0.960105 0.013340 0.004159
0.012845 0.972091 0.015054 0.000010
0.021790 0.960896 0.017303 0.000010
0.044258 0.940618 0.015115 0.000010
0.039437 0.945548 0.015005 0.000010
0.033269 0.949048 0.017673 0.000010
0.035437 0.955283 0.009270 0.000010
0.037321 0.950909 0.011760 0.000010
0.035691 0.903457 0.060842 0.000010
0.000010 0.000010 0.000010 0.999970
0.016478 0.526168 0.000010 0.457345
0.011157 0.620672 0.000010 0.368161
0.928290 0.071690 0.000010 0.000010
0.782702 0.205609 0.000010 0.011679
0.000010 0.315336 0.000010 0.684644
0.000012 0.433907 0.000010 0.566072
0.004520 0.463969 0.000010 0.531501
0.000010 0.360506 0.000010 0.639474
0.000010 0.344192 0.000010 0.655788
0.000010 0.315546 0.000010 0.684434
0.000017 0.302548 0.000010 0.697424
0.242754 0.343869 0.000010 0.413366
0.000010 0.361393 0.000010 0.638587
0.000010 0.534580 0.000010 0.465400
0.000010 0.369223 0.000010 0.630757
0.964293 0.035687 0.000010 0.000010
0.807897 0.192083 0.000010 0.000010
0.796006 0.203974 0.000010 0.000010
0.846714 0.153266 0.000010 0.000010
0.002111 0.461369 0.000010 0.536510
0.006914 0.489625 0.000010 0.503450
0.000010 0.342581 0.000010 0.657399
0.000010 0.408926 0.000010 0.591054
0.011705 0.568915 0.000010 0.419369
0.000010 0.406873 0.000010 0.593107
0.000010 0.433216 0.000010 0.566764
0.043936 0.412890 0.000010 0.543164
0.942390 0.055676 0.001925 0.000010
0.891114 0.108866 0.000010 0.000010
0.904611 0.095369 0.000010 0.000010
0.001974 0.576427 0.000010 0.421590
0.932472 0.067508 0.000010 0.000010
0.876591 0.123389 0.000010 0.000010
0.943401 0.053400 0.003189 0.000010
0.956326 0.035359 0.008304 0.000010
0.883832 0.116108 0.000050 0.000010
0.929226 0.070754 0.000010 0.000010
0.827401 0.021795 0.076751 0.074054
0.894041 0.104888 0.001062 0.000010
0.914360 0.085620 0.000010 0.000010
0.772549 0.225127 0.002314 0.000010
0.881110 0.116569 0.002310 0.000010
0.990549 0.009431 0.000010 0.000010
0.680535 0.192456 0.065726 0.061283
0.062846 0.523125 0.000010 0.414019
0.000010 0.433232 0.000010 0.566748
0.008303 0.000010 0.000010 0.991677
0.000010 0.000010 0.000010 0.999970
0.000010 0.000010 0.000010 0.999970
0.000177 0.000010 0.000010 0.999803
0.000010 0.000010 0.000010 0.999970
0.000010 0.000010 0.000010 0.999970
0.003293 0.000010 0.000010 0.996687
0.000010 0.000010 0.000010 0.999970
0.000010 0.000010 0.000010 0.999970
0.005692 0.000010 0.000010 0.994288
0.001776 0.000010 0.000010 0.998204
0.003698 0.000010 0.000010 0.996282
0.000010 0.000010 0.000010 0.999970
0.005089 0.000010 0.000010 0.994891
0.000010 0.000010 0.000010 0.999970
0.000010 0.000010 0.000010 0.999970
0.001510 0.000010 0.000010 0.998470
0.000010 0.000010 0.000010 0.999970
0.001855 0.000010 0.000010 0.998125
0.002713 0.000010 0.000010 0.997267
0.000010 0.000010 0.000010 0.999970
0.000010 0.000010 0.000010 0.999970
0.000084 0.000010 0.000010 0.999896
0.000010 0.000010 0.000010 0.999970
0.000010 0.000010 0.000010 0.999970
0.000010 0.000010 0.000010 0.999970
0.003973 0.000010 0.000010 0.996007
0.000860 0.000010 0.000010 0.999120
0.002470 0.000010 0.000010 0.997510
0.000010 0.000010 0.000010 0.999970
0.000010 0.000010 0.000010 0.999970
0.000010 0.000010 0.000010 0.999970
0.000137 0.000010 0.000010 0.999843
0.004886 0.000010 0.000010 0.995094
0.000010 0.000010 0.000010 0.999970
0.000010 0.000010 0.000010 0.999970
0.002588 0.000010 0.000010 0.997392
0.935442 0.063256 0.000010 0.001292
0.503760 0.367703 0.058864 0.069674
0.045682 0.572423 0.000010 0.381885
0.920201 0.079779 0.000010 0.000010
0.915444 0.084536 0.000010 0.000010
0.768693 0.108170 0.052360 0.070777
0.826448 0.039834 0.083903 0.049815
0.949049 0.050931 0.000010 0.000010
0.845908 0.024163 0.044000 0.085929
0.720655 0.150432 0.050531 0.078383
0.950675 0.049305 0.000010 0.000010
0.927868 0.072112 0.000010 0.000010
0.863090 0.136890 0.000010 0.000010
0.999970 0.000010 0.000010 0.000010
0.960167 0.032060 0.007763 0.000010
0.999970 0.000010 0.000010 0.000010
0.999970 0.000010 0.000010 0.000010
0.936150 0.056536 0.007304 0.000010
0.934596 0.065384 0.000010 0.000010
0.841581 0.147641 0.010768 0.000010
0.875701 0.124279 0.000010 0.000010
0.907509 0.092471 0.000010 0.000010
0.908014 0.073713 0.018263 0.000010
0.901093 0.098887 0.000010 0.000010
0.747203 0.252777 0.000010 0.000010
0.869991 0.126482 0.003517 0.000010
0.000010 0.270660 0.729320 0.000010
0.012099 0.190720 0.797170 0.000010
0.010218 0.239294 0.750478 0.000010
0.004553 0.279851 0.715585 0.000010
0.926122 0.073858 0.000010 0.000010
0.945202 0.052467 0.000010 0.002321
0.795855 0.187692 0.016443 0.000010
0.819627 0.177868 0.002494 0.000010
0.912748 0.087232 0.000010 0.000010
0.927418 0.067450 0.003664 0.001468
0.941774 0.048586 0.009630 0.000010
0.004005 0.000010 0.000010 0.995975
0.000010 0.000010 0.000010 0.999970
0.000044 0.000010 0.017926 0.982020
0.002644 0.000010 0.031775 0.965571
0.824998 0.174982 0.000010 0.000010
0.946919 0.053061 0.000010 0.000010
0.818967 0.169910 0.011113 0.000010
0.917907 0.076451 0.005632 0.000010
0.928907 0.056685 0.014398 0.000010
0.970552 0.029428 0.000010 0.000010
0.888568 0.111412 0.000010 0.000010
0.897822 0.102158 0.000010 0.000010
0.940132 0.057808 0.002050 0.000010
0.911129 0.088851 0.000010 0.000010
0.978595 0.021385 0.000010 0.000010
0.999537 0.000010 0.000010 0.000443
0.985758 0.014222 0.000010 0.000010
0.999969 0.000010 0.000011 0.000010
0.999970 0.000010 0.000010 0.000010
0.989110 0.000010 0.000010 0.010870
0.967354 0.026999 0.005637 0.000010
0.802208 0.194408 0.003374 0.000010
0.858424 0.141545 0.000010 0.000021
0.999970 0.000010 0.000010 0.000010
0.999970 0.000010 0.000010 0.000010
0.999964 0.000016 0.000010 0.000010
0.999970 0.000010 0.000010 0.000010
0.999970 0.000010 0.000010 0.000010
0.998393 0.001587 0.000010 0.000010
0.998758 0.000010 0.001222 0.000010
0.999970 0.000010 0.000010 0.000010
0.000010 0.267375 0.732605 0.000010
0.014597 0.136375 0.837335 0.011694
0.015531 0.140445 0.844014 0.000010
0.010289 0.220658 0.769043 0.000010
0.000010 0.272432 0.727548 0.000010
0.999970 0.000010 0.000010 0.000010
0.999970 0.000010 0.000010 0.000010
0.973153 0.026827 0.000010 0.000010
0.963049 0.036931 0.000010 0.000010
0.999970 0.000010 0.000010 0.000010
0.999970 0.000010 0.000010 0.000010
0.999970 0.000010 0.000010 0.000010
0.999970 0.000010 0.000010 0.000010
0.999970 0.000010 0.000010 0.000010
0.999970 0.000010 0.000010 0.000010
0.988355 0.011625 0.000010 0.000010
0.995582 0.000010 0.004398 0.000010
0.996593 0.000010 0.003387 0.000010
0.982823 0.017157 0.000010 0.000010
0.999970 0.000010 0.000010 0.000010
0.999969 0.000011 0.000010 0.000010
0.009162 0.287728 0.703100 0.000010
0.004265 0.311832 0.683893 0.000010
0.005719 0.222793 0.769160 0.002328
0.005467 0.229187 0.765336 0.000010
0.007899 0.297465 0.694626 0.000010
0.000010 0.326683 0.673297 0.000010
0.000010 0.184913 0.805936 0.009141
0.004449 0.197897 0.776379 0.021275
0.008902 0.223645 0.758668 0.008785
0.014516 0.204369 0.781105 0.000010
0.999970 0.000010 0.000010 0.000010
0.997678 0.000010 0.002302 0.000010
0.999970 0.000010 0.000010 0.000010
0.973707 0.026273 0.000010 0.000010
0.988503 0.000010 0.011477 0.000010
0.999970 0.000010 0.000010 0.000010
0.006861 0.294781 0.698348 0.000010
0.009297 0.252536 0.738158 0.000010
0.006554 0.097019 0.889937 0.006490
0.006586 0.068997 0.924407 0.000010
0.010927 0.022658 0.966405 0.000010
0.006840 0.078429 0.913420 0.001311
0.002612 0.298041 0.699338 0.000010
0.002105 0.281990 0.715894 0.000010
0.008238 0.280876 0.710877 0.000010
0.010557 0.176161 0.795402 0.017879
0.009894 0.253855 0.736241 0.000010
0.007427 0.277162 0.715401 0.000010
0.011653 0.270052 0.718286 0.000010
0.984573 0.015407 0.000010 0.000010
0.999970 0.000010 0.000010 0.000010
0.999970 0.000010 0.000010 0.000010
0.999970 0.000010 0.000010 0.000010
0.999970 0.000010 0.000010 0.000010
0.999970 0.000010 0.000010 0.000010
0.005843 0.055035 0.939112 0.000010
0.011293 0.072277 0.916421 0.000010
0.011262 0.057483 0.931245 0.000010
0.010452 0.053063 0.921152 0.015332
0.014542 0.169934 0.815514 0.000010
0.001514 0.217310 0.781166 0.000010
0.009194 0.277010 0.708046 0.005750
0.006606 0.284194 0.709190 0.000010
0.014114 0.280896 0.704979 0.000010
0.999970 0.000010 0.000010 0.000010
0.999970 0.000010 0.000010 0.000010
0.999970 0.000010 0.000010 0.000010
0.991293 0.008687 0.000010 0.000010
0.994298 0.000010 0.005682 0.000010
0.999970 0.000010 0.000010 0.000010
0.999970 0.000010 0.000010 0.000010
0.999970 0.000010 0.000010 0.000010
0.999970 0.000010 0.000010 0.000010
0.016780 0.141618 0.841591 0.000010
0.007993 0.081445 0.910552 0.000010
0.006654 0.070432 0.922904 0.000010
0.011509 0.081779 0.898295 0.008418
0.010934 0.055277 0.933779 0.000010
0.000010 0.074055 0.920919 0.005016
0.010073 0.046406 0.943510 0.000010
0.016471 0.064341 0.908094 0.011094
0.010925 0.068411 0.914976 0.005687
0.011656 0.053978 0.934357 0.000010
0.016478 0.052234 0.931278 0.000010
0.010207 0.039779 0.950003 0.000010
0.999970 0.000010 0.000010 0.000010
0.999960 0.000010 0.000020 0.000010
0.999970 0.000010 0.000010 0.000010
0.999970 0.000010 0.000010 0.000010
