COUNT:376208
MEAN:-0.012570
MEDIAN:-0.005035
STD:0.056410
MIN:-1.429462
MAX:4.6021
P95:0.014585
P99:0.031158
P999:0.4059
NEG:257368
