0.286134 0.048534 0.324724 0.333821 0.006787
0.244739 0.055712 0.239387 0.441852 0.018309
0.273388 0.032644 0.242721 0.451237 0.000010
0.381371 0.041197 0.187654 0.389769 0.000010
0.279214 0.026871 0.274748 0.414520 0.004647
0.404981 0.063773 0.150834 0.373574 0.006837
0.368592 0.061385 0.150681 0.412596 0.006746
0.231575 0.036936 0.250726 0.473015 0.007749
0.264198 0.044740 0.257510 0.433541 0.000010
0.044358 0.017155 0.013700 0.924777 0.000010
0.123677 0.017526 0.378494 0.460261 0.020042
0.349671 0.052872 0.203864 0.393583 0.000010
0.212716 0.030137 0.279728 0.477409 0.000010
0.026355 0.000010 0.148459 0.808937 0.016240
0.270741 0.036980 0.240248 0.452021 0.000010
0.260933 0.041246 0.264051 0.433760 0.000010
0.288023 0.035565 0.282324 0.389550 0.004538
0.290209 0.037756 0.191957 0.472912 0.007167
0.383187 0.051471 0.181351 0.383982 0.000010
0.483897 0.045574 0.100567 0.369952 0.000010
0.429695 0.082830 0.134679 0.348870 0.003926
0.328666 0.063942 0.234306 0.373076 0.000010
0.546777 0.055431 0.079188 0.309235 0.009368
0.319482 0.026739 0.250887 0.402195 0.000697
0.459948 0.063756 0.131359 0.342020 0.002916
0.371063 0.046845 0.173605 0.408477 0.000010
0.205912 0.039947 0.236135 0.517995 0.000010
0.248341 0.036040 0.277682 0.423879 0.014058
0.336099 0.047049 0.214303 0.402539 0.000010
0.334823 0.042105 0.210205 0.412857 0.000010
0.444527 0.073049 0.156674 0.325739 0.000010
0.458878 0.047072 0.122879 0.371161 0.000010
0.209186 0.048919 0.245785 0.488814 0.007296
0.301705 0.031603 0.237341 0.425444 0.003907
0.405770 0.052422 0.168192 0.373606 0.000010
0.258597 0.037987 0.283673 0.419733 0.000010
0.288611 0.033500 0.258875 0.416770 0.002244
0.312362 0.038512 0.213472 0.425684 0.009969
0.322076 0.030478 0.217255 0.414372 0.015819
0.319162 0.050158 0.200448 0.426451 0.003781
0.252190 0.041309 0.193070 0.513421 0.000010
0.313361 0.032066 0.166176 0.488387 0.000010
0.376603 0.038847 0.189245 0.395295 0.000010
0.260663 0.029877 0.256334 0.453116 0.000010
0.305736 0.015871 0.274813 0.403569 0.000010
0.200012 0.040954 0.159266 0.596520 0.003248
0.277923 0.040460 0.213805 0.464544 0.003267
0.261684 0.026883 0.244459 0.466964 0.000010
0.261992 0.046772 0.132930 0.558297 0.000010
0.432300 0.051606 0.163668 0.350263 0.002163
0.289470 0.037113 0.213428 0.457907 0.002081
0.280418 0.038640 0.231471 0.439315 0.010157
0.280510 0.037415 0.190516 0.491549 0.000010
0.264796 0.020023 0.267975 0.440538 0.006667
0.202276 0.041650 0.269834 0.486124 0.000117
0.293827 0.038233 0.237396 0.430533 0.000010
0.447719 0.049261 0.146426 0.356584 0.000010
0.346135 0.054052 0.196568 0.401078 0.002167
0.301674 0.025498 0.135217 0.537600 0.000010
0.219836 0.034609 0.220205 0.525340 0.000010
0.232941 0.027220 0.236965 0.502865 0.000010
0.310623 0.042166 0.255952 0.391248 0.000010
0.386032 0.052837 0.185844 0.375278 0.000010
0.264801 0.016152 0.212276 0.506762 0.000010
0.353879 0.029220 0.223832 0.393059 0.000010
0.076238 0.011517 0.034802 0.875544 0.001899
0.250923 0.030577 0.191609 0.512657 0.014234
0.261409 0.026897 0.273656 0.438029 0.000010
0.278149 0.040659 0.240749 0.440433 0.000010
0.233540 0.022360 0.192325 0.551765 0.000010
0.317218 0.056804 0.241824 0.377067 0.007088
0.282821 0.044106 0.235997 0.434815 0.002260
0.254141 0.049722 0.262314 0.433812 0.000010
0.255966 0.032847 0.251476 0.459350 0.000362
0.171206 0.031553 0.105631 0.686462 0.005149
0.161690 0.033141 0.118093 0.687067 0.000010
0.251389 0.040155 0.283967 0.424479 0.000010
0.124594 0.012400 0.020496 0.842500 0.000010
0.428289 0.053064 0.118100 0.377063 0.023484
0.194597 0.034605 0.343684 0.397471 0.029644
0.310502 0.024488 0.217766 0.439429 0.007814
0.291627 0.002538 0.221814 0.473053 0.010968
0.281605 0.029182 0.255093 0.434109 0.000010
0.277369 0.032725 0.218749 0.450012 0.021145
0.447928 0.062204 0.122797 0.367062 0.000010
0.304301 0.049538 0.231419 0.414732 0.000010
0.332598 0.046002 0.222086 0.399304 0.000010
0.326230 0.047688 0.220038 0.395212 0.010831
0.248781 0.041458 0.226634 0.474889 0.008238
0.335542 0.040522 0.218332 0.405594 0.000010
0.356739 0.028354 0.158469 0.456428 0.000010
0.475989 0.064075 0.185176 0.274750 0.000010
0.156668 0.024381 0.212249 0.595036 0.011665
0.517695 0.065290 0.103315 0.313690 0.000010
0.354368 0.031779 0.220147 0.389922 0.003784
0.308143 0.044221 0.238734 0.408128 0.000774
0.250835 0.007276 0.262740 0.464026 0.015124
0.348128 0.051281 0.194018 0.406563 0.000010
0.186681 0.039749 0.113857 0.659703 0.000010
0.283345 0.032948 0.229517 0.454180 0.000010
0.289946 0.036264 0.265604 0.391711 0.016475
0.314025 0.054047 0.243528 0.388390 0.000010
0.283998 0.038659 0.239471 0.437862 0.000010
0.310004 0.041382 0.244222 0.400614 0.003778
0.504568 0.045930 0.104094 0.345398 0.000010
0.028417 0.017601 0.002101 0.951871 0.000010
0.306218 0.038621 0.260063 0.389418 0.005681
0.292004 0.026069 0.254657 0.427259 0.000010
0.372150 0.064421 0.219649 0.343770 0.000010
0.225279 0.057657 0.084063 0.630291 0.002710
0.347297 0.037790 0.185094 0.429809 0.000010
0.259814 0.056402 0.225181 0.449289 0.009314
0.389058 0.032984 0.193263 0.372363 0.012332
0.341203 0.057358 0.205051 0.385746 0.010642
0.000010 0.000010 0.222512 0.748274 0.029194
0.202105 0.027483 0.326719 0.441397 0.002296
0.221574 0.040732 0.252357 0.485328 0.000010
0.198801 0.025669 0.278998 0.496522 0.000010
0.482713 0.058009 0.130551 0.323539 0.005187
0.182308 0.037462 0.153716 0.626504 0.000010
0.449573 0.057972 0.151846 0.340600 0.000010
0.306486 0.032746 0.225768 0.434990 0.000010
0.245934 0.039608 0.216256 0.483979 0.014223
0.991090 0.008880 0.000010 0.000010 0.000010
0.524864 0.067273 0.107054 0.300798 0.000010
0.256657 0.035946 0.272238 0.435149 0.000010
0.476896 0.066693 0.124198 0.332203 0.000010
0.142675 0.030907 0.302434 0.523974 0.000010
0.321943 0.050435 0.193511 0.431568 0.002543
0.274514 0.041027 0.250078 0.424342 0.010039
0.270263 0.036829 0.236485 0.456413 0.000010
0.305151 0.042691 0.200885 0.440671 0.010602
0.224444 0.038543 0.263649 0.456257 0.017106
0.250196 0.040563 0.254599 0.454632 0.000010
0.260895 0.040098 0.259693 0.439304 0.000010
0.275617 0.032495 0.242135 0.444217 0.005536
0.446700 0.049878 0.181447 0.321965 0.000010
0.151302 0.036967 0.306875 0.481515 0.023341
0.151335 0.022402 0.332926 0.493328 0.000010
0.248829 0.026716 0.224272 0.486029 0.014155
0.224933 0.028436 0.231785 0.506132 0.008715
0.336584 0.023405 0.185986 0.454015 0.000010
0.449258 0.042067 0.138728 0.364881 0.005066
0.293030 0.044164 0.271283 0.391513 0.000010
0.297072 0.038297 0.233276 0.427425 0.003930
0.442325 0.056026 0.119883 0.381756 0.000010
0.425833 0.040406 0.184507 0.349243 0.000010
0.377809 0.032559 0.174307 0.401393 0.013933
0.235002 0.028933 0.288169 0.445201 0.002695
0.348070 0.056406 0.231582 0.363932 0.000010
0.237894 0.032508 0.206015 0.504278 0.019304
0.267823 0.035381 0.238741 0.446786 0.011270
0.215596 0.037455 0.234297 0.505299 0.007354
0.542726 0.066357 0.078857 0.310903 0.001157
0.177277 0.016555 0.317523 0.477169 0.011477
0.297778 0.031341 0.211187 0.446944 0.012751
0.291078 0.029467 0.235297 0.444148 0.000010
0.221128 0.022998 0.181015 0.565574 0.009285
0.289456 0.033056 0.232366 0.440246 0.004876
0.262987 0.041351 0.248532 0.447119 0.000010
0.263038 0.055337 0.246656 0.434960 0.000010
0.181575 0.031068 0.353207 0.434141 0.000010
0.305187 0.050817 0.237226 0.402717 0.004053
0.268330 0.031819 0.265222 0.429213 0.005416
0.305629 0.043264 0.233753 0.411733 0.005621
0.260810 0.029891 0.249417 0.459872 0.000010
0.178423 0.039310 0.264242 0.511176 0.006849
0.248265 0.024173 0.270152 0.453061 0.004348
0.363905 0.027456 0.227928 0.379969 0.000743
0.292447 0.039735 0.244005 0.423803 0.000010
0.255171 0.036927 0.243819 0.447914 0.016169
0.267933 0.045631 0.256458 0.429968 0.000010
0.273588 0.038199 0.239856 0.436900 0.011458
0.222734 0.025479 0.300648 0.450047 0.001093
0.373546 0.042849 0.196638 0.378707 0.008260
0.382134 0.047558 0.173122 0.396960 0.000227
0.307540 0.016565 0.203017 0.472868 0.000010
0.375103 0.054658 0.197207 0.373022 0.000010
0.093226 0.022453 0.423115 0.433417 0.027789
0.245202 0.040988 0.257711 0.456089 0.000010
0.192377 0.027367 0.421723 0.357166 0.001367
0.000010 0.012462 0.000010 0.087840 0.899678
0.132969 0.022115 0.335260 0.503242 0.006414
0.250965 0.035226 0.259034 0.454766 0.000010
0.478213 0.071147 0.089963 0.350714 0.009963
0.243264 0.032089 0.302990 0.421647 0.000010
0.210256 0.043722 0.304999 0.429979 0.011044
0.225273 0.033210 0.282614 0.458893 0.000010
0.285501 0.030745 0.208657 0.464747 0.010350
0.168312 0.031791 0.262702 0.532932 0.004263
0.245303 0.036378 0.246213 0.462949 0.009158
0.195836 0.018171 0.303797 0.482185 0.000010
0.360687 0.053834 0.208342 0.377127 0.000010
0.342222 0.050658 0.212422 0.394688 0.000010
0.237564 0.038255 0.265199 0.458971 0.000010
0.271694 0.035351 0.264458 0.428487 0.000010
0.381820 0.065162 0.113263 0.439746 0.000010
0.417396 0.046122 0.169317 0.367155 0.000010
0.302504 0.027035 0.251072 0.419379 0.000010
0.272500 0.042749 0.190478 0.464757 0.029516
0.232737 0.040286 0.300936 0.426032 0.000010
0.220289 0.026794 0.138221 0.614685 0.000010
0.386635 0.040550 0.202660 0.361948 0.008208
0.384826 0.041607 0.204378 0.361243 0.007946
0.292802 0.033685 0.234268 0.439235 0.000010
0.256758 0.038813 0.225061 0.467864 0.011504
0.173837 0.054275 0.291043 0.474245 0.006600
0.283117 0.055991 0.221372 0.436958 0.002561
0.288492 0.020434 0.254768 0.431915 0.004391
0.254312 0.054719 0.230442 0.460517 0.000010
0.411898 0.029035 0.176688 0.382369 0.000010
0.025056 0.009615 0.019065 0.946253 0.000010
0.240441 0.042136 0.281760 0.435653 0.000010
0.214218 0.044442 0.167787 0.573543 0.000010
0.285217 0.027012 0.231145 0.447924 0.008703
0.263934 0.055036 0.158558 0.522462 0.000010
0.030077 0.016785 0.016335 0.936793 0.000010
0.419776 0.064301 0.119245 0.396668 0.000010
0.373664 0.050482 0.183160 0.392685 0.000010
0.027635 0.008901 0.029669 0.931750 0.002045
0.312533 0.058435 0.269131 0.359891 0.000010
0.388921 0.056368 0.210935 0.339337 0.004439
0.463213 0.055002 0.119942 0.358684 0.003159
0.268935 0.041094 0.252380 0.432591 0.005000
0.289850 0.037638 0.232981 0.439521 0.000010
0.112545 0.029992 0.067558 0.789895 0.000010
0.015767 0.031314 0.037465 0.915444 0.000010
0.252484 0.037667 0.220975 0.481413 0.007460
0.064993 0.019065 0.069201 0.834461 0.012280
0.221227 0.051623 0.072938 0.654202 0.000010
0.276133 0.053698 0.214882 0.455278 0.000010
0.258021 0.024891 0.257886 0.457715 0.001487
0.270193 0.033532 0.227727 0.465616 0.002932
0.296779 0.041596 0.195632 0.462080 0.003912
0.282136 0.042332 0.244349 0.425305 0.005878
0.476385 0.038808 0.109263 0.375535 0.000010
0.030227 0.000010 0.256293 0.701099 0.012371
0.260278 0.044694 0.229020 0.465997 0.000010
0.317539 0.036411 0.218891 0.427149 0.000010
0.059444 0.012459 0.006075 0.898890 0.023132
0.404559 0.046918 0.139998 0.408515 0.000010
0.339495 0.058674 0.242065 0.359756 0.000010
0.421949 0.051229 0.162344 0.364467 0.000010
0.324888 0.046794 0.219479 0.393136 0.015702
0.102912 0.043898 0.087934 0.765247 0.000010
0.308217 0.033362 0.282139 0.376271 0.000010
0.124802 0.029299 0.094015 0.751873 0.000010
0.220415 0.048132 0.308194 0.423250 0.000010
0.274910 0.038303 0.212191 0.469811 0.004786
0.164258 0.030871 0.345132 0.459729 0.000010
0.075387 0.033144 0.312784 0.576043 0.002642
0.379685 0.055246 0.144313 0.420746 0.000010
0.357739 0.039135 0.199088 0.384579 0.019458
0.315721 0.026749 0.214316 0.443204 0.000010
0.367781 0.018678 0.263147 0.350384 0.000010
0.318040 0.035597 0.238395 0.395904 0.012064
0.276533 0.042651 0.244754 0.434666 0.001398
0.189692 0.015312 0.258778 0.515851 0.020367
0.270933 0.029743 0.246460 0.452854 0.000010
0.515965 0.036537 0.000010 0.447478 0.000010
0.318772 0.039978 0.216745 0.424496 0.000010
0.309929 0.043609 0.243038 0.396374 0.007050
0.390601 0.045370 0.168616 0.392064 0.003350
0.252048 0.022604 0.222963 0.496094 0.006292
0.233597 0.053204 0.285613 0.424498 0.003087
0.245349 0.038869 0.289636 0.421665 0.004481
0.999960 0.000010 0.000010 0.000010 0.000010
0.259583 0.050021 0.254879 0.435506 0.000010
0.244396 0.041891 0.279023 0.434680 0.000010
0.307072 0.055801 0.245566 0.380784 0.010778
0.249265 0.053867 0.252685 0.440817 0.003366
0.272826 0.038110 0.216211 0.472843 0.000010
0.303622 0.044014 0.236598 0.415756 0.000010
0.249781 0.040009 0.262030 0.448171 0.000010
0.263341 0.052589 0.250649 0.424417 0.009004
0.272967 0.031018 0.274703 0.412101 0.009212
0.200591 0.035632 0.267328 0.482546 0.013902
0.302407 0.033882 0.239831 0.413775 0.010105
0.367335 0.038018 0.191398 0.403240 0.000010
0.285636 0.032131 0.211924 0.449671 0.020637
0.247047 0.032452 0.231225 0.489265 0.000010
0.455452 0.052895 0.115567 0.376076 0.000010
0.313029 0.047815 0.200679 0.438467 0.000010
0.238921 0.041318 0.260938 0.458813 0.000010
0.234866 0.025919 0.266591 0.472614 0.000010
0.373842 0.061800 0.197937 0.366411 0.000010
0.289701 0.022503 0.232889 0.448788 0.006119
0.342739 0.036830 0.238770 0.370327 0.011334
0.041853 0.011551 0.011279 0.935306 0.000010
0.270418 0.030240 0.205069 0.494263 0.000010
0.240176 0.043779 0.177852 0.538184 0.000010
0.236757 0.042732 0.296753 0.421166 0.002593
0.315882 0.053539 0.092044 0.538524 0.000010
0.268718 0.040728 0.254290 0.431963 0.004301
0.351688 0.061854 0.200984 0.377698 0.007777
0.290015 0.040209 0.239303 0.422556 0.007916
0.288389 0.029896 0.228055 0.452253 0.001407
0.147639 0.030761 0.306712 0.504812 0.010076
0.278303 0.034295 0.248839 0.433739 0.004825
0.256143 0.040342 0.253086 0.446201 0.004228
0.254923 0.040671 0.265733 0.425167 0.013506
0.292555 0.040564 0.213634 0.440908 0.012339
0.227671 0.036150 0.259297 0.471626 0.005256
0.404177 0.062223 0.169199 0.364391 0.000010
0.270355 0.023123 0.231724 0.457179 0.017620
0.536273 0.006875 0.000010 0.456831 0.000010
0.350088 0.030004 0.231016 0.388882 0.000010
0.091795 0.045141 0.342288 0.520767 0.000010
0.229630 0.034065 0.317030 0.397708 0.021567
0.363329 0.031320 0.209177 0.396164 0.000010
0.355158 0.059820 0.188386 0.396603 0.000034
0.302445 0.031172 0.182981 0.468792 0.014611
0.163678 0.016947 0.272618 0.533064 0.013693
0.309049 0.037521 0.228920 0.418850 0.005659
0.326883 0.043355 0.203043 0.426710 0.000010
0.323696 0.038697 0.230176 0.394023 0.013409
0.243562 0.041969 0.321682 0.392470 0.000316
0.279400 0.054529 0.233042 0.432075 0.000953
0.136287 0.023175 0.232014 0.593041 0.015482
0.342786 0.034172 0.205901 0.411997 0.005145
0.363280 0.036812 0.248040 0.351858 0.000010
0.259672 0.054467 0.227250 0.458602 0.000010
0.261067 0.030416 0.263774 0.444733 0.000010
0.360022 0.056628 0.174190 0.409150 0.000010
0.245576 0.052434 0.229960 0.443021 0.029009
0.271156 0.047077 0.244990 0.436767 0.000010
0.214033 0.031866 0.212173 0.529482 0.012447
0.323063 0.022977 0.249030 0.404919 0.000010
0.272600 0.049000 0.254435 0.423955 0.000010
0.119394 0.023448 0.320528 0.536620 0.000010
0.232978 0.024512 0.330366 0.408838 0.003307
0.180059 0.007144 0.330959 0.463583 0.018255
0.343190 0.020223 0.211331 0.416097 0.009159
0.251469 0.054939 0.261641 0.431941 0.000010
0.203129 0.043615 0.300001 0.437944 0.015311
0.016117 0.018449 0.000010 0.951274 0.014151
0.222284 0.028651 0.260487 0.485659 0.002919
0.231679 0.024511 0.271601 0.465645 0.006564
0.241165 0.035349 0.261633 0.443924 0.017928
0.256893 0.030007 0.253413 0.459677 0.000010
0.201099 0.034480 0.265838 0.484320 0.014263
0.267143 0.020389 0.275644 0.435982 0.000842
0.271522 0.053672 0.219848 0.454948 0.000010
0.249195 0.034175 0.282323 0.433516 0.000792
0.202174 0.020600 0.211486 0.561900 0.003840
0.253081 0.021698 0.265060 0.460150 0.000010
0.264319 0.025783 0.226330 0.483559 0.000010
0.279592 0.049953 0.242122 0.420333 0.008000
0.140709 0.030028 0.323191 0.501217 0.004854
0.161551 0.022782 0.113730 0.695750 0.006187
0.194101 0.017667 0.120170 0.668052 0.000010
0.349775 0.029651 0.203466 0.406408 0.010701
0.223032 0.037533 0.254477 0.476818 0.008141
0.229146 0.015399 0.273128 0.482318 0.000010
0.256448 0.043620 0.241393 0.458529 0.000010
0.306010 0.018789 0.263344 0.396836 0.015021
0.043766 0.012264 0.032667 0.911292 0.000010
0.429025 0.050454 0.188536 0.326489 0.005496
0.011572 0.023605 0.004919 0.954784 0.005120
0.031676 0.034374 0.002052 0.931887 0.000010
0.243232 0.042229 0.225011 0.474377 0.015152
0.094417 0.018617 0.367536 0.511292 0.008138
0.262801 0.034071 0.257291 0.445828 0.000010
0.404153 0.057844 0.203328 0.330093 0.004582
0.251233 0.047950 0.252023 0.439094 0.009700
0.263176 0.023927 0.237089 0.458654 0.017153
0.293771 0.041088 0.226922 0.435320 0.002898
0.434284 0.046029 0.120829 0.388987 0.009872
0.303585 0.037619 0.228132 0.430654 0.000010
0.303657 0.030144 0.230761 0.423575 0.011863
0.256100 0.040004 0.255341 0.448440 0.000115
0.287844 0.026791 0.190775 0.490382 0.004208
0.306007 0.028915 0.242333 0.411607 0.011138
0.269989 0.026020 0.257072 0.444017 0.002902
0.182215 0.026339 0.106713 0.684723 0.000010
0.321931 0.043534 0.221090 0.409476 0.003969
0.165223 0.028588 0.119778 0.686400 0.000010
0.301270 0.034729 0.218032 0.445959 0.000010
0.215909 0.029079 0.225346 0.529656 0.000010
0.147195 0.031968 0.089184 0.731643 0.000010
0.214089 0.048151 0.062219 0.675531 0.000010
0.300105 0.033923 0.247888 0.408135 0.009948
0.029876 0.023148 0.053302 0.893663 0.000010
0.135581 0.007810 0.206394 0.646044 0.004171
0.091379 0.029863 0.037189 0.834065 0.007504
0.266506 0.036357 0.247300 0.449394 0.000444
0.281711 0.028833 0.259122 0.430324 0.000010
0.398434 0.056075 0.187288 0.358193 0.000010
0.230020 0.036995 0.299192 0.420042 0.013751
0.276632 0.045787 0.055672 0.621898 0.000010
0.543443 0.054839 0.128716 0.272992 0.000010
0.256962 0.045545 0.233971 0.447817 0.015705
0.259979 0.051735 0.275134 0.411179 0.001973
0.315441 0.059349 0.198404 0.422256 0.004551
0.149681 0.030999 0.324251 0.481976 0.013093
0.408957 0.040990 0.160794 0.389250 0.000010
0.169340 0.013550 0.317913 0.493942 0.005256
0.049739 0.001001 0.068497 0.880752 0.000010
0.287997 0.040801 0.229439 0.441754 0.000010
0.059755 0.017304 0.175425 0.740231 0.007284
0.303485 0.041430 0.239494 0.415581 0.000010
0.322148 0.035131 0.212966 0.429745 0.000010
0.059684 0.010281 0.088009 0.824328 0.017698
0.225448 0.019671 0.043257 0.711614 0.000010
0.277340 0.019144 0.249270 0.448312 0.005934
0.297971 0.046458 0.211448 0.440112 0.004011
0.999960 0.000010 0.000010 0.000010 0.000010
0.317418 0.055159 0.226109 0.401305 0.000010
0.327415 0.038934 0.192920 0.420013 0.020717
0.262334 0.045489 0.209495 0.473135 0.009546
0.458120 0.056524 0.138644 0.346702 0.000010
0.347333 0.024101 0.232118 0.385789 0.010659
0.250793 0.040257 0.228969 0.462087 0.017893
0.201279 0.018849 0.291274 0.488090 0.000508
0.296669 0.047149 0.239247 0.416925 0.000010
0.236346 0.031635 0.254379 0.464554 0.013087
0.295106 0.040325 0.227401 0.435483 0.001685
0.431148 0.048214 0.180068 0.340559 0.000010
0.043808 0.030305 0.062459 0.852515 0.010912
0.283968 0.055909 0.224895 0.435217 0.000010
0.266087 0.020065 0.250707 0.447360 0.015780
0.817785 0.030428 0.000010 0.151084 0.000693
0.276465 0.047174 0.251161 0.424850 0.000350
0.260798 0.025078 0.262640 0.441720 0.009763
0.352734 0.049624 0.168563 0.407553 0.021526
0.229638 0.036830 0.248381 0.485142 0.000010
0.242901 0.031142 0.260506 0.465441 0.000010
0.255319 0.036063 0.218373 0.490234 0.000010
0.169536 0.038236 0.007924 0.784294 0.000010
0.243335 0.039711 0.272801 0.438418 0.005734
0.268364 0.027585 0.233155 0.469708 0.001188
0.328992 0.033915 0.200289 0.436795 0.000010
0.999960 0.000010 0.000010 0.000010 0.000010
0.159529 0.022483 0.300730 0.490473 0.026785
0.356941 0.045176 0.178383 0.416347 0.003152
0.293620 0.027538 0.212879 0.455003 0.010960
0.294236 0.034656 0.264720 0.393155 0.013234
0.221045 0.037341 0.086645 0.654019 0.000950
0.209414 0.023474 0.191705 0.572274 0.003133
0.302214 0.039343 0.235643 0.422789 0.000010
0.261625 0.017924 0.265890 0.452127 0.002434
0.255827 0.044605 0.238771 0.459532 0.001266
0.452066 0.057265 0.117505 0.373154 0.000010
0.316586 0.027501 0.212417 0.443485 0.000010
0.286076 0.037554 0.208599 0.467760 0.000010
0.273442 0.039291 0.257207 0.430050 0.000010
0.456447 0.037209 0.142662 0.356308 0.007375
0.259773 0.048379 0.256699 0.435139 0.000010
0.045828 0.021110 0.028354 0.894283 0.010425
0.188327 0.035465 0.183064 0.579648 0.013495
0.382966 0.050442 0.223676 0.342905 0.000010
0.043851 0.029093 0.027488 0.883327 0.016240
0.284264 0.037695 0.260504 0.415577 0.001960
0.207242 0.022917 0.291710 0.478121 0.000010
0.274821 0.026874 0.245288 0.453008 0.000010
0.245519 0.028087 0.262716 0.463668 0.000010
0.230231 0.035634 0.279652 0.437893 0.016590
0.260483 0.035546 0.217725 0.486236 0.000010
0.358490 0.050084 0.190580 0.400836 0.000010
0.290493 0.020920 0.202406 0.466587 0.019595
0.023552 0.018996 0.000404 0.957038 0.000010
0.199373 0.020939 0.270696 0.506967 0.002026
0.091383 0.029669 0.068116 0.810822 0.000010
0.182774 0.022916 0.170136 0.594521 0.029654
0.294144 0.036240 0.229293 0.437643 0.002679
0.317522 0.019865 0.216745 0.445858 0.000010
0.230266 0.042903 0.044179 0.682642 0.000010
0.270264 0.037953 0.233754 0.458019 0.000010
0.092552 0.013634 0.055682 0.838122 0.000010
0.013074 0.016493 0.008202 0.962221 0.000010
0.999960 0.000010 0.000010 0.000010 0.000010
0.256151 0.021985 0.222008 0.481836 0.018020
0.251117 0.048321 0.293771 0.406781 0.000010
0.436533 0.061217 0.136837 0.359760 0.005653
0.337113 0.025986 0.193954 0.435391 0.007556
0.294371 0.023327 0.212410 0.441651 0.028241
0.237004 0.011327 0.244726 0.506933 0.000010
0.278779 0.033923 0.254888 0.432400 0.000010
0.289534 0.036014 0.247625 0.426816 0.000010
0.294407 0.023937 0.157061 0.524585 0.000010
0.276836 0.017949 0.209199 0.492913 0.003103
0.784905 0.033084 0.020956 0.150230 0.010826
0.305512 0.036535 0.245875 0.402648 0.009431
0.183825 0.041880 0.262816 0.511469 0.000010
0.178550 0.035004 0.059084 0.712826 0.014536
0.360870 0.045661 0.243506 0.336549 0.013415
0.995314 0.004656 0.000010 0.000010 0.000010
0.228209 0.019026 0.277149 0.470361 0.005255
0.932363 0.011469 0.000010 0.056148 0.000010
0.284420 0.038319 0.252196 0.425056 0.000010
0.347437 0.027023 0.215751 0.399709 0.010080
0.315472 0.048230 0.177380 0.458908 0.000010
0.180787 0.052318 0.052960 0.713926 0.000010
0.024697 0.028395 0.013269 0.922092 0.011548
0.217758 0.024798 0.247857 0.488619 0.020968
0.292271 0.040352 0.214921 0.446489 0.005967
0.292988 0.011445 0.250833 0.441659 0.003075
0.078462 0.016366 0.170025 0.710174 0.024973
0.157211 0.009820 0.345026 0.487933 0.000010
0.271558 0.038816 0.217536 0.461640 0.010450
0.262803 0.060660 0.193492 0.483034 0.000010
0.147121 0.043583 0.147923 0.648849 0.012524
0.079950 0.020569 0.052641 0.836803 0.010036
0.212082 0.037071 0.187662 0.541718 0.021467
0.162849 0.035803 0.340366 0.450697 0.010285
0.255588 0.055865 0.253880 0.434656 0.000010
0.212382 0.027332 0.194710 0.558826 0.006749
0.045449 0.028594 0.042625 0.883322 0.000010
0.271575 0.050488 0.164400 0.498191 0.015346
0.041779 0.018691 0.020910 0.918611 0.000010
0.265056 0.016327 0.260516 0.458090 0.000010
0.300806 0.024225 0.282437 0.390077 0.002454
0.117795 0.033039 0.000010 0.848206 0.000950
0.096394 0.018880 0.086689 0.798026 0.000010
0.170569 0.028383 0.063983 0.737056 0.000010
0.999960 0.000010 0.000010 0.000010 0.000010
0.188883 0.021983 0.177269 0.611855 0.000010
0.252136 0.052471 0.247852 0.440855 0.006686
0.032405 0.005961 0.055493 0.893038 0.013102
0.227785 0.059575 0.198775 0.490099 0.023767
0.357903 0.038214 0.180538 0.423335 0.000010
0.224799 0.029044 0.279379 0.462329 0.004449
0.240296 0.034636 0.270709 0.448945 0.005414
0.248137 0.034888 0.230354 0.474462 0.012159
0.178684 0.017345 0.293397 0.499052 0.011521
0.044155 0.018825 0.010513 0.924836 0.001671
0.046034 0.003732 0.034657 0.915568 0.000010
0.285535 0.042227 0.234878 0.435769 0.001591
0.246370 0.034439 0.178436 0.540745 0.000010
0.252069 0.042541 0.232053 0.473328 0.000010
0.145736 0.018299 0.282279 0.550080 0.003605
0.031355 0.000010 0.190390 0.767829 0.010415
0.298778 0.031915 0.249860 0.400060 0.019387
0.285762 0.032018 0.230117 0.450956 0.001147
0.209421 0.034951 0.262460 0.488568 0.004600
0.289173 0.037472 0.234380 0.438965 0.000010
0.331847 0.046543 0.230029 0.391572 0.000010
0.450335 0.047075 0.123422 0.379159 0.000010
0.251239 0.067020 0.238451 0.429653 0.013637
0.278593 0.053953 0.214502 0.452941 0.000010
0.259511 0.046037 0.216033 0.478409 0.000010
0.256211 0.028886 0.190785 0.509896 0.014221
0.992317 0.007653 0.000010 0.000010 0.000010
0.237092 0.033101 0.129322 0.600475 0.000010
0.212115 0.031420 0.200278 0.556177 0.000010
0.295904 0.034775 0.226561 0.430977 0.011784
0.327060 0.022545 0.242580 0.407304 0.000510
0.281217 0.037405 0.224465 0.451137 0.005775
0.234555 0.026128 0.305359 0.433949 0.000010
0.322444 0.033911 0.133742 0.509893 0.000010
0.375219 0.038225 0.228801 0.350090 0.007664
0.268417 0.045571 0.242480 0.433952 0.009580
0.279476 0.053990 0.241200 0.425325 0.000010
0.276420 0.042041 0.264404 0.417126 0.000010
0.261251 0.032252 0.322031 0.384456 0.000010
0.322599 0.058130 0.147533 0.471728 0.000010
0.164849 0.029367 0.092383 0.702039 0.011363
0.295897 0.024335 0.222901 0.439342 0.017525
0.245048 0.047949 0.211860 0.488134 0.007009
0.306225 0.041850 0.237371 0.413824 0.000730
0.328322 0.025742 0.229251 0.405129 0.011556
0.985518 0.006336 0.006702 0.001434 0.000010
0.231982 0.023618 0.286225 0.458165 0.000010
0.245940 0.042766 0.256173 0.450916 0.004205
0.338863 0.046450 0.222516 0.380248 0.011924
0.497492 0.064892 0.084331 0.353275 0.000010
0.254924 0.037584 0.220431 0.477157 0.009904
0.027874 0.008044 0.013315 0.948217 0.002550
0.334072 0.026586 0.227315 0.404934 0.007093
0.241534 0.042121 0.277865 0.434881 0.003599
0.235333 0.033340 0.261123 0.470194 0.000010
0.267107 0.028634 0.229881 0.467801 0.006577
0.343414 0.049753 0.191659 0.408078 0.007096
0.271435 0.030013 0.217519 0.481024 0.000010
0.289985 0.028898 0.276801 0.404306 0.000010
0.301938 0.033586 0.242876 0.420600 0.000999
0.251333 0.022237 0.258166 0.468254 0.000010
0.999960 0.000010 0.000010 0.000010 0.000010
0.288129 0.055995 0.221856 0.410855 0.023165
0.267694 0.034327 0.260071 0.437562 0.000346
0.271547 0.041413 0.237198 0.449831 0.000010
0.149981 0.016936 0.066046 0.767027 0.000010
0.270360 0.035423 0.252935 0.441272 0.000010
0.216522 0.027067 0.256549 0.487865 0.011998
0.249438 0.023434 0.335965 0.375354 0.015809
0.323156 0.020311 0.224983 0.431539 0.000010
0.173412 0.031221 0.086136 0.709221 0.000010
0.016698 0.029118 0.011813 0.942361 0.000010
0.322744 0.031534 0.194876 0.441817 0.009029
0.265854 0.028327 0.257480 0.448329 0.000010
0.290439 0.050545 0.210615 0.448391 0.000010
0.183494 0.014138 0.264156 0.522911 0.015300
0.203716 0.018405 0.250989 0.512786 0.014105
0.246348 0.042766 0.241592 0.464692 0.004602
0.195707 0.040516 0.128826 0.634941 0.000010
0.291764 0.046669 0.224197 0.437360 0.000010
0.281657 0.033598 0.208467 0.469575 0.006703
0.250845 0.034342 0.231209 0.483595 0.000010
0.316641 0.038863 0.236652 0.393388 0.014456
0.262416 0.023124 0.306100 0.395019 0.013339
0.307100 0.028886 0.243015 0.420989 0.000010
0.256789 0.028398 0.224958 0.476165 0.013691
0.308985 0.032510 0.217347 0.441147 0.000010
0.086358 0.009063 0.070331 0.819451 0.014797
0.179020 0.040470 0.218331 0.561669 0.000511
0.409253 0.036019 0.213758 0.340960 0.000010
0.282125 0.029204 0.277949 0.410712 0.000010
0.280965 0.038154 0.262842 0.415140 0.002899
0.404807 0.048010 0.189578 0.357594 0.000010
0.255875 0.024443 0.210124 0.509548 0.000010
0.518800 0.058802 0.081486 0.340901 0.000010
0.276258 0.054698 0.224003 0.434199 0.010842
0.240581 0.051257 0.167529 0.540623 0.000010
0.275361 0.041039 0.208219 0.475177 0.000204
0.289213 0.039739 0.235272 0.434741 0.001035
0.364543 0.054800 0.198907 0.379651 0.002098
0.057960 0.026258 0.042727 0.863247 0.009807
0.260442 0.030078 0.239876 0.458793 0.010812
0.489963 0.069212 0.103624 0.337191 0.000010
0.029978 0.018827 0.012223 0.938121 0.000851
0.260128 0.035358 0.235559 0.468945 0.000010
0.261607 0.038240 0.265733 0.423443 0.010977
0.212437 0.038002 0.252880 0.496671 0.000010
0.168961 0.014214 0.287329 0.529486 0.000010
0.256866 0.040348 0.204804 0.492605 0.005378
0.420432 0.045487 0.142413 0.390196 0.001472
0.267765 0.030689 0.245702 0.451296 0.004549
0.231428 0.025362 0.267237 0.468384 0.007590
0.254646 0.030973 0.288342 0.426028 0.000010
0.260502 0.064387 0.232383 0.433134 0.009594
0.403441 0.043049 0.165551 0.387949 0.000010
0.251479 0.048468 0.215650 0.475539 0.008865
0.245268 0.024996 0.227160 0.502565 0.000010
0.230194 0.037821 0.217850 0.514125 0.000010
0.297828 0.037807 0.281441 0.382914 0.000010
0.268321 0.044614 0.237425 0.449630 0.000010
0.320088 0.034401 0.305995 0.339505 0.000010
0.043033 0.018305 0.016260 0.922393 0.000010
0.294819 0.044718 0.243697 0.416756 0.000010
0.280769 0.049702 0.250576 0.415362 0.003590
0.111539 0.013756 0.032799 0.841896 0.000010
0.036414 0.005088 0.001517 0.956971 0.000010
0.026030 0.000010 0.217347 0.756603 0.000010
0.276125 0.021046 0.237071 0.465748 0.000010
0.996601 0.003369 0.000010 0.000010 0.000010
0.387472 0.045038 0.206784 0.354370 0.006335
0.290402 0.017652 0.230383 0.461552 0.000010
0.237712 0.035747 0.260521 0.466010 0.000010
0.258839 0.032282 0.231883 0.461551 0.015445
0.575159 0.062127 0.097966 0.253964 0.010785
0.261745 0.024144 0.250885 0.451473 0.011753
0.265630 0.024657 0.247772 0.460441 0.001498
0.315791 0.038039 0.222052 0.424108 0.000010
0.218654 0.039787 0.298539 0.443010 0.000010
0.256397 0.059127 0.156602 0.520561 0.007313
0.297406 0.031948 0.179986 0.479677 0.010983
0.279902 0.030790 0.216894 0.472405 0.000010
0.296189 0.049829 0.235862 0.401466 0.016654
0.268420 0.047435 0.255083 0.429051 0.000010
0.321918 0.032205 0.232018 0.404634 0.009225
0.229900 0.024355 0.209774 0.532334 0.003638
0.260223 0.040822 0.183435 0.515511 0.000010
0.164167 0.038841 0.295505 0.498896 0.002591
0.174253 0.033578 0.102447 0.689712 0.000010
0.332036 0.058060 0.185989 0.414056 0.009859
0.279601 0.034034 0.234101 0.442490 0.009774
0.328390 0.031120 0.147480 0.488788 0.004222
0.988428 0.011542 0.000010 0.000010 0.000010
0.453655 0.060975 0.131994 0.353367 0.000010
0.272455 0.029965 0.262071 0.435499 0.000010
0.240528 0.060808 0.121142 0.577513 0.000010
0.237684 0.025888 0.274991 0.461427 0.000010
0.035437 0.023592 0.057068 0.883894 0.000010
0.296861 0.056937 0.214899 0.426893 0.004410
0.159860 0.033977 0.093026 0.704691 0.008446
0.261358 0.019163 0.291994 0.423088 0.004397
0.310549 0.038018 0.236187 0.396368 0.018877
0.177893 0.034112 0.139094 0.648890 0.000010
0.154886 0.023329 0.110351 0.706092 0.005342
0.005505 0.000010 0.028626 0.961407 0.004453
0.283702 0.043513 0.189819 0.482955 0.000010
0.227472 0.035607 0.322553 0.414359 0.000010
0.317094 0.060631 0.187180 0.401291 0.033804
0.369404 0.035436 0.214614 0.380535 0.000010
0.049677 0.015187 0.150833 0.767777 0.016525
0.272473 0.034931 0.242091 0.437946 0.012559
0.095395 0.014229 0.009726 0.880639 0.000010
0.289029 0.027039 0.213599 0.469219 0.001114
0.222708 0.040776 0.173818 0.562688 0.000010
0.049395 0.015284 0.007242 0.927487 0.000592
0.050540 0.003634 0.009969 0.935846 0.000010
0.086684 0.034832 0.014698 0.863776 0.000010
0.219055 0.026404 0.246179 0.507462 0.000900
0.279566 0.020014 0.245287 0.455123 0.000010
0.065783 0.012855 0.135089 0.757391 0.028882
0.241053 0.036308 0.215627 0.507002 0.000010
0.325533 0.042347 0.192067 0.440043 0.000010
0.269482 0.041033 0.273433 0.416041 0.000010
0.217965 0.031462 0.183513 0.566133 0.000926
0.265119 0.034007 0.265443 0.435422 0.000010
0.323851 0.043693 0.243763 0.388683 0.000010
0.392030 0.045268 0.187621 0.375071 0.000010
0.115201 0.015871 0.026502 0.835418 0.007008
0.264913 0.020100 0.288074 0.426903 0.000010
0.991648 0.008322 0.000010 0.000010 0.000010
0.319989 0.039972 0.175042 0.464987 0.000010
0.357845 0.043000 0.209479 0.389564 0.000111
0.057476 0.000010 0.243596 0.670305 0.028612
0.166280 0.049085 0.082707 0.701563 0.000365
0.309784 0.036977 0.212883 0.432234 0.008121
0.433102 0.064919 0.131550 0.370419 0.000010
0.149320 0.035488 0.041983 0.773199 0.000010
0.066447 0.022891 0.031665 0.874619 0.004378
0.202043 0.036317 0.074547 0.687084 0.000010
0.374279 0.046444 0.194201 0.385067 0.000010
0.990814 0.009156 0.000010 0.000010 0.000010
0.096725 0.015240 0.013885 0.874139 0.000010
0.264446 0.056957 0.246665 0.431922 0.000010
0.238151 0.034210 0.290403 0.437227 0.000010
0.060633 0.029765 0.067095 0.842497 0.000010
0.270846 0.029967 0.223480 0.475697 0.000010
0.202122 0.036308 0.036424 0.712408 0.012738
0.423622 0.028381 0.121230 0.405640 0.021126
0.269618 0.017885 0.265884 0.446602 0.000010
0.273818 0.050179 0.260571 0.415421 0.000010
0.147732 0.044189 0.063490 0.742835 0.001755
0.230821 0.029233 0.282131 0.450994 0.006821
0.505604 0.052758 0.106415 0.335213 0.000010
0.215732 0.038819 0.172604 0.572834 0.000010
0.230818 0.054301 0.261540 0.451616 0.001725
0.157266 0.021024 0.189786 0.631914 0.000010
0.516372 0.058519 0.101697 0.323402 0.000010
0.239236 0.023619 0.238986 0.492183 0.005977
0.361739 0.046575 0.211122 0.380555 0.000010
0.233387 0.027438 0.287636 0.435548 0.015990
0.252287 0.032349 0.217704 0.489697 0.007962
0.264024 0.043830 0.189683 0.501830 0.000632
0.329032 0.029557 0.195338 0.446064 0.000010
0.268826 0.017612 0.287411 0.417712 0.008438
0.186884 0.033919 0.118720 0.660467 0.000010
0.180604 0.020518 0.028519 0.770349 0.000010
0.444201 0.044735 0.206409 0.304645 0.000010
0.370010 0.044126 0.202078 0.377188 0.006598
0.061135 0.031056 0.000010 0.903353 0.004446
0.297724 0.041511 0.250308 0.395284 0.015173
0.999960 0.000010 0.000010 0.000010 0.000010
0.319663 0.045259 0.140671 0.494398 0.000010
0.868883 0.034810 0.000010 0.096287 0.000010
0.094048 0.008594 0.180659 0.711973 0.004727
0.301673 0.014180 0.043203 0.640935 0.000010
0.290781 0.023746 0.237455 0.448008 0.000010
0.351973 0.047612 0.221133 0.373223 0.006059
0.269494 0.040369 0.261990 0.418574 0.009572
0.349932 0.042515 0.215972 0.391571 0.000010
0.282507 0.014042 0.258079 0.435538 0.009834
0.242752 0.023105 0.266273 0.456100 0.011770
0.299078 0.032199 0.246200 0.422513 0.000010
0.142646 0.027522 0.049969 0.779852 0.000010
0.520423 0.060181 0.074827 0.344558 0.000010
0.284492 0.030691 0.243425 0.440087 0.001306
0.248444 0.040751 0.249818 0.459532 0.001455
0.375693 0.054468 0.205704 0.346772 0.017363
0.335297 0.049799 0.194567 0.420327 0.000010
0.315015 0.036081 0.224678 0.424216 0.000010
0.270245 0.041407 0.237154 0.451184 0.000010
0.161376 0.008510 0.256645 0.563682 0.009787
0.397664 0.040159 0.148781 0.413386 0.000010
0.294851 0.042271 0.235300 0.427458 0.000120
0.257545 0.035579 0.260940 0.444745 0.001191
0.337015 0.040397 0.248633 0.373945 0.000010
0.353574 0.041142 0.196145 0.409128 0.000010
0.269636 0.028646 0.279128 0.422579 0.000010
0.254079 0.036673 0.260963 0.441953 0.006332
0.296186 0.038744 0.248781 0.416279 0.000010
0.425864 0.053730 0.154694 0.356112 0.009600
0.939258 0.006869 0.000010 0.053853 0.000010
0.156082 0.037981 0.152183 0.653744 0.000010
0.276000 0.040816 0.251930 0.428716 0.002537
0.231840 0.030235 0.277740 0.456202 0.003983
0.265826 0.050740 0.218740 0.444394 0.020300
0.310248 0.040536 0.197770 0.449148 0.002299
0.298362 0.037527 0.223519 0.437063 0.003530
0.317553 0.011188 0.246576 0.424673 0.000010
0.262411 0.028631 0.239525 0.469424 0.000010
0.246796 0.036832 0.255446 0.459395 0.001530
0.300280 0.042822 0.216122 0.435926 0.004851
0.217503 0.024998 0.311633 0.445776 0.000091
0.095467 0.028363 0.323539 0.543925 0.008706
0.231801 0.038786 0.273904 0.455499 0.000010
0.309356 0.048248 0.220222 0.422164 0.000010
0.227499 0.039957 0.300247 0.417719 0.014577
0.292109 0.026833 0.260361 0.411084 0.009613
0.123817 0.014916 0.086128 0.773959 0.001181
0.453457 0.052295 0.141036 0.353202 0.000010
0.250244 0.024085 0.228992 0.496387 0.000292
0.454677 0.052192 0.117898 0.367586 0.007647
0.389291 0.052071 0.164920 0.383532 0.010186
0.227152 0.035466 0.267850 0.469523 0.000010
0.301083 0.043879 0.251496 0.400572 0.002971
0.277825 0.046699 0.266068 0.409398 0.000010
0.285589 0.034156 0.234671 0.445574 0.000010
0.258005 0.038527 0.261413 0.431214 0.010840
0.153384 0.022380 0.312299 0.484522 0.027416
0.298660 0.046869 0.196008 0.458453 0.000010
0.419728 0.045545 0.172021 0.358495 0.004211
0.218708 0.036526 0.259049 0.470568 0.015149
0.282289 0.043046 0.228763 0.433927 0.011975
0.012769 0.007744 0.026767 0.952710 0.000010
0.033241 0.009855 0.021016 0.935878 0.000010
0.048337 0.025234 0.016368 0.907141 0.002920
0.312006 0.039139 0.234549 0.414295 0.000010
0.197196 0.037694 0.287347 0.477753 0.000010
0.480059 0.039172 0.161582 0.319178 0.000010
0.168953 0.043961 0.067628 0.719448 0.000010
0.203752 0.046453 0.327078 0.422205 0.000513
0.089088 0.029140 0.016771 0.864991 0.000010
0.333621 0.026004 0.188933 0.451432 0.000010
0.031987 0.006980 0.013900 0.943790 0.003342
0.245486 0.052428 0.149847 0.542798 0.009441
0.279476 0.014113 0.231382 0.475019 0.000010
0.213524 0.015821 0.257142 0.500891 0.012621
0.267767 0.031765 0.213639 0.486819 0.000010
0.265845 0.050802 0.240299 0.441587 0.001468
0.427643 0.030134 0.146995 0.395218 0.000010
0.317271 0.049424 0.241451 0.382785 0.009068
0.314202 0.047933 0.121753 0.509527 0.006586
0.202020 0.045027 0.261131 0.481978 0.009844
0.226656 0.007282 0.292397 0.450608 0.023057
0.397102 0.037533 0.201422 0.363933 0.000010
0.358461 0.060027 0.179936 0.401566 0.000010
0.264543 0.038360 0.244427 0.448642 0.004027
0.376331 0.028060 0.132737 0.452474 0.010399
0.200767 0.031722 0.281445 0.479653 0.006413
0.239964 0.032432 0.265748 0.458579 0.003277
0.169751 0.035315 0.269835 0.513423 0.011676
0.288094 0.039159 0.226071 0.446667 0.000010
0.282879 0.036532 0.242970 0.437609 0.000010
0.253800 0.030524 0.231941 0.475677 0.008059
0.234767 0.036702 0.210095 0.518426 0.000010
0.295123 0.039026 0.266891 0.389609 0.009351
0.199622 0.029650 0.269749 0.500970 0.000010
0.364870 0.045820 0.208346 0.371093 0.009871
0.284778 0.041849 0.268874 0.404489 0.000010
0.512056 0.015619 0.017947 0.454368 0.000010
0.235266 0.026689 0.271998 0.460383 0.005664
0.338442 0.026843 0.208196 0.426509 0.000010
0.266326 0.022067 0.265521 0.435666 0.010420
0.308469 0.041904 0.233039 0.395526 0.021063
0.298285 0.038819 0.187009 0.462419 0.013468
0.202548 0.031381 0.287138 0.478923 0.000010
0.187549 0.022629 0.038009 0.748015 0.003797
0.351954 0.056973 0.254355 0.336708 0.000010
0.363607 0.034519 0.211102 0.390762 0.000010
0.233430 0.036733 0.214621 0.515206 0.000010
0.164044 0.019894 0.302544 0.502464 0.011054
0.226442 0.035956 0.170066 0.567526 0.000010
0.300710 0.056409 0.244938 0.383339 0.014605
0.169872 0.034660 0.279347 0.503647 0.012474
0.353450 0.043036 0.111067 0.492438 0.000010
0.446336 0.059770 0.080055 0.413829 0.000010
0.133631 0.037846 0.047247 0.775948 0.005327
0.618420 0.073005 0.110324 0.198241 0.000010
0.272137 0.040638 0.255772 0.431443 0.000010
0.280755 0.037355 0.226728 0.452123 0.003039
0.170872 0.035209 0.304857 0.477178 0.011885
0.320924 0.032628 0.269936 0.376502 0.000010
0.270083 0.041712 0.246363 0.441831 0.000010
0.300445 0.035876 0.206674 0.453954 0.003051
0.388018 0.038680 0.190225 0.383067 0.000010
0.276405 0.029751 0.252955 0.440880 0.000010
0.264817 0.044224 0.289340 0.401610 0.000010
0.327448 0.023501 0.176063 0.469912 0.003076
0.267194 0.020112 0.203361 0.500684 0.008650
0.274713 0.026946 0.232734 0.452637 0.012971
0.298019 0.031917 0.243437 0.419280 0.007346
0.245429 0.041836 0.263207 0.449518 0.000010
0.395911 0.064857 0.176374 0.353162 0.009696
0.195060 0.033836 0.259847 0.477862 0.033396
0.365814 0.053594 0.134478 0.429354 0.016761
0.233858 0.010289 0.281034 0.463092 0.011727
0.249313 0.040887 0.241907 0.467882 0.000010
0.427864 0.072960 0.065881 0.433284 0.000010
0.434501 0.059491 0.146123 0.359874 0.000010
0.388832 0.056535 0.176977 0.377647 0.000010
0.220989 0.030733 0.287777 0.448662 0.011839
0.296207 0.033325 0.202652 0.467806 0.000010
0.081774 0.040811 0.022183 0.855223 0.000010
0.417237 0.049851 0.190999 0.341903 0.000010
