0.683698 0.261836 0.054466
0.688812 0.253697 0.057491
0.636340 0.355491 0.008168
0.451419 0.390302 0.158279
0.000010 0.000010 0.999980
0.641728 0.000010 0.358262
0.639058 0.255827 0.105115
0.524524 0.403960 0.071516
0.352937 0.498409 0.148654
0.593755 0.386999 0.019246
0.169234 0.239317 0.591449
0.497043 0.350895 0.152061
0.447921 0.436376 0.115703
0.543935 0.363497 0.092568
0.763570 0.178720 0.057709
0.606439 0.316195 0.077366
0.302571 0.530067 0.167362
0.479806 0.391080 0.129115
0.787471 0.212519 0.000010
0.553601 0.340412 0.105987
0.667608 0.273405 0.058987
0.825171 0.127439 0.047390
0.708775 0.201721 0.089504
0.630895 0.232686 0.136419
0.453784 0.382208 0.164009
0.642657 0.254507 0.102836
0.795289 0.130386 0.074325
0.240684 0.016191 0.743124
0.631386 0.279953 0.088662
0.263212 0.195195 0.541593
0.145562 0.035075 0.819364
0.504486 0.187330 0.308184
0.788655 0.198303 0.013041
0.778085 0.176604 0.045311
0.750676 0.223919 0.025405
0.654883 0.282413 0.062704
0.000010 0.000010 0.999980
0.000010 0.000010 0.999980
0.505375 0.423308 0.071317
0.792127 0.207863 0.000010
0.708391 0.210599 0.081010
0.631193 0.267783 0.101024
0.734747 0.229396 0.035858
0.312565 0.120779 0.566656
0.593470 0.143881 0.262649
0.746483 0.198421 0.055097
0.416417 0.439989 0.143594
0.363909 0.505057 0.131034
0.563742 0.353555 0.082702
0.625587 0.225043 0.149370
0.642619 0.185094 0.172287
0.559430 0.342394 0.098175
0.376837 0.505371 0.117792
0.333841 0.500922 0.165237
0.801247 0.178498 0.020254
0.661900 0.278200 0.059900
0.526282 0.411031 0.062687
0.761510 0.236518 0.001972
0.695028 0.262151 0.042820
0.548327 0.320390 0.131283
0.540903 0.328341 0.130756
0.524563 0.251136 0.224301
0.664817 0.282415 0.052768
0.649101 0.305254 0.045645
0.000010 0.000010 0.999980
0.767283 0.232707 0.000010
0.519990 0.202584 0.277426
0.629013 0.336681 0.034306
0.771900 0.215381 0.012720
0.761497 0.198408 0.040094
0.665056 0.228290 0.106654
0.621604 0.325483 0.052912
0.394694 0.549204 0.056102
0.647326 0.111281 0.241393
0.609821 0.346737 0.043441
0.685870 0.219825 0.094305
0.678936 0.241494 0.079570
0.929425 0.064377 0.006198
0.707439 0.178852 0.113708
0.645167 0.192210 0.162623
0.722080 0.162783 0.115137
0.449183 0.417548 0.133269
0.984566 0.015424 0.000010
0.979630 0.020360 0.000010
0.740662 0.192931 0.066407
0.846862 0.121917 0.031221
0.511683 0.374876 0.113441
0.746204 0.217156 0.036640
0.593041 0.274190 0.132769
0.626190 0.282276 0.091534
0.700617 0.236019 0.063364
0.738758 0.232743 0.028499
0.700011 0.226843 0.073146
0.700869 0.261673 0.037458
0.928829 0.071161 0.000010
0.407524 0.135878 0.456598
0.564634 0.350981 0.084385
0.703465 0.206347 0.090188
0.408597 0.478868 0.112534
0.000010 0.000010 0.999980
0.754700 0.204988 0.040312
0.971533 0.028457 0.000010
0.685075 0.242620 0.072305
0.676467 0.242018 0.081516
0.719696 0.219048 0.061256
0.638812 0.281377 0.079812
0.339573 0.447049 0.213378
0.000010 0.000010 0.999980
0.685660 0.270469 0.043872
0.000010 0.000010 0.999980
0.000010 0.999980 0.000010
0.723674 0.205171 0.071156
0.589259 0.315203 0.095537
0.384010 0.482571 0.133419
0.645178 0.282170 0.072652
0.644580 0.198240 0.157180
0.560604 0.324984 0.114411
0.541109 0.365447 0.093444
0.507448 0.360493 0.132059
0.684177 0.223389 0.092435
0.755402 0.241288 0.003310
0.437862 0.451535 0.110603
0.701462 0.269845 0.028694
0.711655 0.219253 0.069091
0.618236 0.262780 0.118985
0.659337 0.245664 0.094999
0.667033 0.257228 0.075738
0.682808 0.246930 0.070261
0.560425 0.234377 0.205198
0.568869 0.208214 0.222916
0.671182 0.292002 0.036816
0.865390 0.134600 0.000010
0.488121 0.402134 0.109745
0.727885 0.255664 0.016451
0.000010 0.535245 0.464745
0.675669 0.206140 0.118192
0.661821 0.301083 0.037096
0.639532 0.243049 0.117419
0.414144 0.196805 0.389051
0.658177 0.237378 0.104445
0.348330 0.265256 0.386414
0.736932 0.236651 0.026417
0.672864 0.259472 0.067664
0.651934 0.254419 0.093647
0.711256 0.223223 0.065521
0.395681 0.493782 0.110537
0.648166 0.328946 0.022888
0.569947 0.334537 0.095516
0.258606 0.590568 0.150826
0.506177 0.352098 0.141725
0.657207 0.242422 0.100371
0.446708 0.425008 0.128283
0.000010 0.000010 0.999980
0.683944 0.242499 0.073557
0.511364 0.197575 0.291062
0.000010 0.000010 0.999980
0.460419 0.432677 0.106904
0.652274 0.277744 0.069982
0.608041 0.283744 0.108214
0.062989 0.078191 0.858820
0.000010 0.000010 0.999980
0.638285 0.229667 0.132048
0.247180 0.216368 0.536453
0.736465 0.221711 0.041824
0.679684 0.233403 0.086912
0.613905 0.271139 0.114955
0.662672 0.270436 0.066891
0.374020 0.480871 0.145109
0.823079 0.000010 0.176911
0.171261 0.000010 0.828729
0.525903 0.364187 0.109911
0.405231 0.463396 0.131373
0.233597 0.059106 0.707297
0.697510 0.302480 0.000010
0.313267 0.094422 0.592311
0.777912 0.208249 0.013839
0.627638 0.251763 0.120598
0.926495 0.000010 0.073495
0.477416 0.390248 0.132336
0.532287 0.372290 0.095423
0.777328 0.222662 0.000010
0.000010 0.999980 0.000010
0.691642 0.253841 0.054517
0.675790 0.229459 0.094751
0.542447 0.340926 0.116627
0.650588 0.244530 0.104881
0.729842 0.222469 0.047689
0.694530 0.257499 0.047972
0.702389 0.276136 0.021475
0.644403 0.265693 0.089903
0.360886 0.122824 0.516290
0.729645 0.190400 0.079955
0.446041 0.416529 0.137430
0.645706 0.254794 0.099501
0.574924 0.347926 0.077151
0.627687 0.239404 0.132909
0.470377 0.223368 0.306255
0.526646 0.376101 0.097253
0.679145 0.265726 0.055130
0.653070 0.256160 0.090770
0.686547 0.239795 0.073658
0.688139 0.252557 0.059305
0.768746 0.187168 0.044086
0.450895 0.454580 0.094525
0.000010 0.000010 0.999980
0.496033 0.494743 0.009225
0.172499 0.176287 0.651213
0.737684 0.196739 0.065577
0.760917 0.147812 0.091271
0.587773 0.329213 0.083014
0.511057 0.137090 0.351853
0.000010 0.000010 0.999980
0.616751 0.240515 0.142735
0.476765 0.441441 0.081794
0.720421 0.256287 0.023292
0.707375 0.231055 0.061570
0.549099 0.360365 0.090535
0.671861 0.243724 0.084414
0.670684 0.275908 0.053408
0.667368 0.248439 0.084193
0.896520 0.056927 0.046554
0.782869 0.216671 0.000460
0.539434 0.000010 0.460556
0.489263 0.368902 0.141835
0.709186 0.204724 0.086090
0.526876 0.381791 0.091334
0.707016 0.187826 0.105158
0.903094 0.074867 0.022039
0.284981 0.561981 0.153039
0.696882 0.278479 0.024639
0.675895 0.258498 0.065608
0.348258 0.472763 0.178978
0.672805 0.252659 0.074536
0.999980 0.000010 0.000010
0.722425 0.252378 0.025197
0.122219 0.154354 0.723427
0.674920 0.000010 0.325070
0.627405 0.264878 0.107718
0.721858 0.238345 0.039797
0.698021 0.227483 0.074496
0.000010 0.000010 0.999980
0.719690 0.252870 0.027440
0.509751 0.361974 0.128274
0.203869 0.339636 0.456495
0.498797 0.254840 0.246363
0.686328 0.249237 0.064435
0.617628 0.340116 0.042255
0.253345 0.612692 0.133964
0.678365 0.266186 0.055448
0.766123 0.233867 0.000010
0.694247 0.244692 0.061061
0.647178 0.197572 0.155250
0.637225 0.272364 0.090411
0.498152 0.144444 0.357403
0.876350 0.123640 0.000010
0.371193 0.489275 0.139532
0.402897 0.476620 0.120483
0.733584 0.218838 0.047578
0.706765 0.246439 0.046796
0.338732 0.498217 0.163051
0.000010 0.000010 0.999980
0.819654 0.180336 0.000010
0.705980 0.249614 0.044405
0.743517 0.170267 0.086216
0.712474 0.229940 0.057586
0.734916 0.204646 0.060437
0.849309 0.122978 0.027713
0.391670 0.147361 0.460970
0.695387 0.247266 0.057347
0.439045 0.229897 0.331057
0.646266 0.276909 0.076824
0.757349 0.000010 0.242641
0.545439 0.344025 0.110536
0.516380 0.316144 0.167476
0.651105 0.302182 0.046713
0.570863 0.315935 0.113202
0.601586 0.295531 0.102883
0.541117 0.410177 0.048706
0.489708 0.291091 0.219201
0.521609 0.413112 0.065279
0.680275 0.251344 0.068381
0.273167 0.142948 0.583885
0.906592 0.093398 0.000010
0.000010 0.000010 0.999980
0.000010 0.952248 0.047742
0.625306 0.295691 0.079003
0.716631 0.267838 0.015531
0.649860 0.256040 0.094100
0.677327 0.246183 0.076490
0.572417 0.287508 0.140076
0.000010 0.999980 0.000010
0.710129 0.224303 0.065568
0.345282 0.291840 0.362878
0.581929 0.350303 0.067767
0.143290 0.065161 0.791549
0.409161 0.451780 0.139059
0.566149 0.318326 0.115524
0.307477 0.420655 0.271869
0.636221 0.244130 0.119649
0.398205 0.206207 0.395588
0.513502 0.389143 0.097356
0.462685 0.424322 0.112993
0.411215 0.471919 0.116866
0.478236 0.381804 0.139960
0.720317 0.196601 0.083082
0.257424 0.622992 0.119584
0.826368 0.131068 0.042564
0.572296 0.289115 0.138589
0.674862 0.262885 0.062252
0.671376 0.300367 0.028258
0.762077 0.138046 0.099877
0.662757 0.264193 0.073050
0.806653 0.181712 0.011635
0.427357 0.412541 0.160102
0.384220 0.471453 0.144327
0.356611 0.500584 0.142806
0.221568 0.000010 0.778422
0.643908 0.265607 0.090485
0.000010 0.535972 0.464018
0.661212 0.295632 0.043156
0.694207 0.296032 0.009761
0.755738 0.235377 0.008885
0.695214 0.263159 0.041626
0.688408 0.255565 0.056027
0.698396 0.230219 0.071385
0.779656 0.216923 0.003421
0.620249 0.256190 0.123561
0.586487 0.296564 0.116949
0.646428 0.277418 0.076154
0.558180 0.380532 0.061288
0.744207 0.186352 0.069441
0.915473 0.084517 0.000010
0.798444 0.160342 0.041214
0.530590 0.171962 0.297448
0.000010 0.000010 0.999980
0.000010 0.999980 0.000010
0.653148 0.308924 0.037928
0.651038 0.279891 0.069071
0.000010 0.999980 0.000010
0.508374 0.196760 0.294867
0.712280 0.265127 0.022593
0.641667 0.285390 0.072944
0.633131 0.310555 0.056314
0.247336 0.553147 0.199517
0.000010 0.000010 0.999980
0.743763 0.203309 0.052928
0.610637 0.284156 0.105206
0.642964 0.282899 0.074137
0.669864 0.169256 0.160880
0.781882 0.218108 0.000010
0.653894 0.286307 0.059799
0.325985 0.146250 0.527765
0.656820 0.266843 0.076338
0.719820 0.227349 0.052831
0.803630 0.025338 0.171032
0.000010 0.033044 0.966946
0.701443 0.271252 0.027305
0.651768 0.318002 0.030230
0.000010 0.000010 0.999980
0.000010 0.000010 0.999980
0.768352 0.000010 0.231638
0.654950 0.273516 0.071534
0.171312 0.688482 0.140206
0.730638 0.222458 0.046904
0.802995 0.178454 0.018551
0.601395 0.296333 0.102272
0.698626 0.265359 0.036015
0.601066 0.304074 0.094860
0.803815 0.196175 0.000010
0.659056 0.257693 0.083250
0.711932 0.199096 0.088972
0.671557 0.260713 0.067730
0.000010 0.000010 0.999980
0.000010 0.000010 0.999980
0.493765 0.337844 0.168391
0.000010 0.000010 0.999980
0.581555 0.244205 0.174240
0.392422 0.324296 0.283282
0.771434 0.184701 0.043865
0.682499 0.306146 0.011355
0.305411 0.140532 0.554057
0.610225 0.322519 0.067256
0.359504 0.524288 0.116208
0.000010 0.000010 0.999980
0.643515 0.274453 0.082033
0.523044 0.372095 0.104862
0.695383 0.263860 0.040757
0.862897 0.137093 0.000010
0.678529 0.234253 0.087218
0.511899 0.383000 0.105101
0.635341 0.251863 0.112796
0.826232 0.173758 0.000010
0.291549 0.551943 0.156507
0.743982 0.211963 0.044055
0.706086 0.222247 0.071667
0.913313 0.086677 0.000010
0.578702 0.374001 0.047297
0.999980 0.000010 0.000010
0.864475 0.135515 0.000010
0.664119 0.277924 0.057957
0.563955 0.256752 0.179293
0.035653 0.123218 0.841129
0.662131 0.243816 0.094053
0.618034 0.286534 0.095432
0.264355 0.110610 0.625034
0.707601 0.222552 0.069847
0.660213 0.254443 0.085344
0.473309 0.419529 0.107163
0.703157 0.242565 0.054279
0.576229 0.365109 0.058662
0.118255 0.000010 0.881735
0.326808 0.554199 0.118992
0.000010 0.000010 0.999980
0.633322 0.252322 0.114356
0.459083 0.417444 0.123473
0.619243 0.212654 0.168103
0.628015 0.190068 0.181917
0.000010 0.999980 0.000010
0.142745 0.269899 0.587356
0.743061 0.232054 0.024884
0.624354 0.302418 0.073228
0.299541 0.155732 0.544727
0.455920 0.309816 0.234264
0.672528 0.260098 0.067374
0.380435 0.247341 0.372224
0.708974 0.192091 0.098935
0.000010 0.000010 0.999980
0.498112 0.145647 0.356241
0.643635 0.253977 0.102388
0.793238 0.203026 0.003736
0.581973 0.332966 0.085061
0.545553 0.000010 0.454437
0.674591 0.258044 0.067365
0.778051 0.165611 0.056338
0.681777 0.200177 0.118046
0.689208 0.245095 0.065697
0.642403 0.318576 0.039021
0.485708 0.410223 0.104069
0.608445 0.308820 0.082735
0.506010 0.389627 0.104363
0.728406 0.209333 0.062261
0.677021 0.294989 0.027991
0.407228 0.403716 0.189056
0.609581 0.351789 0.038630
0.554231 0.340662 0.105108
0.647626 0.278471 0.073903
0.412369 0.118215 0.469416
0.668543 0.253703 0.077754
0.601419 0.236384 0.162197
0.552047 0.259703 0.188250
0.663193 0.275438 0.061369
0.677294 0.279914 0.042792
0.682504 0.239800 0.077696
0.769470 0.210590 0.019940
0.749379 0.196992 0.053629
0.233829 0.074993 0.691179
0.699717 0.206204 0.094079
0.368421 0.490194 0.141385
0.498231 0.403911 0.097858
0.605794 0.308502 0.085704
0.728416 0.194272 0.077312
0.666711 0.294177 0.039113
0.656480 0.260304 0.083216
0.759072 0.193828 0.047100
0.704778 0.269095 0.026127
0.765830 0.192435 0.041735
0.681947 0.242454 0.075599
0.670906 0.257484 0.071611
0.488637 0.380349 0.131014
0.390000 0.495714 0.114286
0.446932 0.437181 0.115887
0.623767 0.275452 0.100782
0.685515 0.233140 0.081345
0.787003 0.198461 0.014536
0.597937 0.174794 0.227270
0.449206 0.477757 0.073037
0.736207 0.228994 0.034799
0.502765 0.363129 0.134106
0.603771 0.318681 0.077548
0.473962 0.394039 0.131999
0.628553 0.286957 0.084490
0.708980 0.270175 0.020845
0.447596 0.418512 0.133893
0.677670 0.240455 0.081875
0.290383 0.553783 0.155833
0.601466 0.239149 0.159385
0.721870 0.232948 0.045183
0.694019 0.254966 0.051015
0.305888 0.525268 0.168844
0.501128 0.323371 0.175500
0.624326 0.244414 0.131260
0.556273 0.342346 0.101382
0.593542 0.267866 0.138592
0.709218 0.278092 0.012690
0.356391 0.497617 0.145991
0.595295 0.250183 0.154523
0.735241 0.243761 0.020998
0.803039 0.177884 0.019077
0.709375 0.223438 0.067187
0.639847 0.279594 0.080559
0.441729 0.485753 0.072518
0.671015 0.230720 0.098264
0.711283 0.232264 0.056452
0.511756 0.185399 0.302845
0.388973 0.470831 0.140196
0.703669 0.247075 0.049256
0.659197 0.252651 0.088152
0.605164 0.020648 0.374187
0.712576 0.215771 0.071653
0.660484 0.284408 0.055109
0.635674 0.304744 0.059582
0.623717 0.266612 0.109671
0.201555 0.099282 0.699164
0.688327 0.208872 0.102801
0.039846 0.152198 0.807957
0.447863 0.422732 0.129406
0.484675 0.418966 0.096359
0.935288 0.064702 0.000010
0.822919 0.177071 0.000010
0.486945 0.309647 0.203407
0.678260 0.218438 0.103301
0.714231 0.248864 0.036905
0.674957 0.216940 0.108103
0.759925 0.164066 0.076009
0.629110 0.301282 0.069607
0.534522 0.377062 0.088416
0.714430 0.280805 0.004764
0.709358 0.267435 0.023207
0.878450 0.000010 0.121540
0.625602 0.305691 0.068706
0.499557 0.418052 0.082391
0.654400 0.322860 0.022741
0.649190 0.263881 0.086929
0.949838 0.050152 0.000010
0.664134 0.255338 0.080528
0.504204 0.347652 0.148144
0.745422 0.197820 0.056758
0.388279 0.478413 0.133307
0.493781 0.413595 0.092624
0.808358 0.167442 0.024200
0.459029 0.408207 0.132764
0.615630 0.277389 0.106980
0.891992 0.107998 0.000010
0.682436 0.256498 0.061067
0.679616 0.305734 0.014650
0.616753 0.286143 0.097104
0.476832 0.375783 0.147385
0.347049 0.500165 0.152786
0.564452 0.330429 0.105119
0.867950 0.077580 0.054470
0.552713 0.208313 0.238975
0.594728 0.345322 0.059949
0.611112 0.296128 0.092760
0.776685 0.205262 0.018053
0.277109 0.000010 0.722881
0.458383 0.414222 0.127395
0.649492 0.261159 0.089349
0.748433 0.189260 0.062307
0.557027 0.354243 0.088730
0.678766 0.277976 0.043258
0.702864 0.240314 0.056822
0.691064 0.240902 0.068033
0.661687 0.234714 0.103598
0.225555 0.162976 0.611470
0.000010 0.000010 0.999980
0.718482 0.254454 0.027065
0.516301 0.369872 0.113827
0.637631 0.172690 0.189678
0.501360 0.238646 0.259995
0.797330 0.146967 0.055703
0.766989 0.157779 0.075232
0.740144 0.241488 0.018368
0.599409 0.172907 0.227684
0.674085 0.234974 0.090941
0.701009 0.256632 0.042359
0.657872 0.286076 0.056052
0.723238 0.219206 0.057556
0.712763 0.218324 0.068914
0.608969 0.344750 0.046281
0.661219 0.272348 0.066433
0.654587 0.272349 0.073064
0.584054 0.337961 0.077984
0.693264 0.085942 0.220794
0.601373 0.332921 0.065706
0.514848 0.368568 0.116584
0.597573 0.184536 0.217891
0.669075 0.273512 0.057413
0.787278 0.204028 0.008694
0.533213 0.337061 0.129726
0.700724 0.200552 0.098724
0.253320 0.192782 0.553898
0.578132 0.152358 0.269510
0.680281 0.244412 0.075306
0.692082 0.251298 0.056620
0.389225 0.318813 0.291962
0.623553 0.255040 0.121407
0.725309 0.218282 0.056409
0.760077 0.159453 0.080469
0.601834 0.263447 0.134719
0.694985 0.212804 0.092210
0.663050 0.296523 0.040427
0.784016 0.215974 0.000010
0.223431 0.591872 0.184697
0.535907 0.402044 0.062049
0.606361 0.304965 0.088674
0.652157 0.266061 0.081782
0.352681 0.120689 0.526630
0.515760 0.385743 0.098496
0.204838 0.118536 0.676627
0.588840 0.239573 0.171587
0.402064 0.139660 0.458275
0.535543 0.450834 0.013623
0.501028 0.412247 0.086725
0.612675 0.311546 0.075779
0.429729 0.042170 0.528101
0.553024 0.374275 0.072701
0.563973 0.341082 0.094946
0.192044 0.592091 0.215865
0.673757 0.263274 0.062968
0.599495 0.288436 0.112069
0.569693 0.260667 0.169640
0.700553 0.216575 0.082872
0.764398 0.184891 0.050712
0.583491 0.378130 0.038378
0.596322 0.315332 0.088346
0.612037 0.293042 0.094921
0.424865 0.366821 0.208314
0.813092 0.176834 0.010074
0.706135 0.228491 0.065374
0.730105 0.184571 0.085324
0.589306 0.330430 0.080263
0.620679 0.280712 0.098609
0.748146 0.172715 0.079139
0.154507 0.151400 0.694092
0.595329 0.376216 0.028455
0.586593 0.356599 0.056807
0.693107 0.175588 0.131305
0.866305 0.101555 0.032140
0.503760 0.201623 0.294616
0.584849 0.332472 0.082679
0.745010 0.140323 0.114668
0.339371 0.353558 0.307071
0.258633 0.486282 0.255085
0.755778 0.185834 0.058389
0.535238 0.407889 0.056873
0.492410 0.437824 0.069766
0.722284 0.234755 0.042961
0.682094 0.255047 0.062859
0.595188 0.315526 0.089286
0.657833 0.231309 0.110858
0.676553 0.226672 0.096776
0.761382 0.217775 0.020843
0.823095 0.153976 0.022930
0.469086 0.400860 0.130054
0.619735 0.233618 0.146646
0.693879 0.226252 0.079869
0.702909 0.241014 0.056077
0.387671 0.473391 0.138938
0.693585 0.274385 0.032029
0.302678 0.518173 0.179149
0.514227 0.400979 0.084793
0.629679 0.290753 0.079568
0.627757 0.295104 0.077138
0.355595 0.181040 0.463365
0.742139 0.243657 0.014204
0.164523 0.130216 0.705261
0.586637 0.303474 0.109889
0.619309 0.278158 0.102533
0.399002 0.509519 0.091479
0.514082 0.375504 0.110414
0.813315 0.073300 0.113385
0.384158 0.503134 0.112708
0.563669 0.330069 0.106261
0.315481 0.522618 0.161901
0.452689 0.402877 0.144434
0.594335 0.166422 0.239244
0.661007 0.278293 0.060700
0.693223 0.235507 0.071269
0.726995 0.230268 0.042738
0.623109 0.316380 0.060511
0.615489 0.282929 0.101582
0.000010 0.999980 0.000010
0.663700 0.251807 0.084493
0.701370 0.136543 0.162086
0.599338 0.293887 0.106776
0.688864 0.216231 0.094905
0.422884 0.325026 0.252090
0.614081 0.313894 0.072025
0.738535 0.235338 0.026127
0.670999 0.225541 0.103460
0.698435 0.255503 0.046062
0.764106 0.198454 0.037440
0.695034 0.255644 0.049322
0.672262 0.248768 0.078970
0.652749 0.280862 0.066389
0.714618 0.247931 0.037451
0.667977 0.225088 0.106935
0.516323 0.370962 0.112715
0.000012 0.999978 0.000010
0.643710 0.259334 0.096956
0.732063 0.238240 0.029697
0.631928 0.305906 0.062166
0.841896 0.109584 0.048521
0.715793 0.261036 0.023172
0.591476 0.350261 0.058264
0.000010 0.999980 0.000010
0.000010 0.000010 0.999980
0.972932 0.027058 0.000010
0.068167 0.121610 0.810223
0.000010 0.000010 0.999980
0.224960 0.750240 0.024800
0.722714 0.249005 0.028281
0.382427 0.483072 0.134500
0.671311 0.258121 0.070568
0.611563 0.265057 0.123380
0.786096 0.213894 0.000010
0.768193 0.224735 0.007072
0.682820 0.275800 0.041381
0.548664 0.293646 0.157689
0.603447 0.233678 0.162875
0.581947 0.347792 0.070260
0.634997 0.260136 0.104867
0.823463 0.115093 0.061445
0.154041 0.000010 0.845949
0.546912 0.000010 0.453078
0.642108 0.298617 0.059275
0.503142 0.255655 0.241203
0.716941 0.236379 0.046680
0.741547 0.152821 0.105632
0.178993 0.185195 0.635812
0.647104 0.248624 0.104272
0.624218 0.314903 0.060879
0.191729 0.494305 0.313967
0.621335 0.251087 0.127579
0.608794 0.340989 0.050217
0.710788 0.219921 0.069291
0.482565 0.456997 0.060438
0.802824 0.193459 0.003717
0.687089 0.262313 0.050598
0.761160 0.188348 0.050492
0.729778 0.100616 0.169606
0.530830 0.397187 0.071983
0.685644 0.285162 0.029194
0.518929 0.289613 0.191459
0.269954 0.596273 0.133773
0.265489 0.543166 0.191345
0.639058 0.306159 0.054783
0.743524 0.244807 0.011669
0.575207 0.294623 0.130170
0.700965 0.202605 0.096430
0.667409 0.247034 0.085556
0.528196 0.368779 0.103026
0.712953 0.211827 0.075220
0.336093 0.493505 0.170402
0.749557 0.215781 0.034661
0.312510 0.525891 0.161598
0.659680 0.304009 0.036311
0.466246 0.394260 0.139494
0.628161 0.319201 0.052638
0.727525 0.255928 0.016548
0.832902 0.167088 0.000010
0.653476 0.237468 0.109055
0.672627 0.249422 0.077951
0.599194 0.321238 0.079569
0.557106 0.318307 0.124587
0.591631 0.270327 0.138041
0.357882 0.499982 0.142136
0.654694 0.259861 0.085445
0.557564 0.162119 0.280317
0.611243 0.388747 0.000010
0.711895 0.244078 0.044027
0.794446 0.170924 0.034630
0.596184 0.258036 0.145779
0.437307 0.107237 0.455456
0.000010 0.000010 0.999980
0.000010 0.066340 0.933650
0.298914 0.028530 0.672556
0.540778 0.241561 0.217661
0.782712 0.158256 0.059032
0.536095 0.413500 0.050405
0.659512 0.284802 0.055686
0.787110 0.212880 0.000010
0.481718 0.288380 0.229902
0.596502 0.316777 0.086721
0.171802 0.199228 0.628970
0.621081 0.294325 0.084594
0.566479 0.288254 0.145267
0.606113 0.209183 0.184704
0.636857 0.270438 0.092706
0.700217 0.169478 0.130304
0.876480 0.080434 0.043087
0.681060 0.223189 0.095750
0.669708 0.227238 0.103054
0.738445 0.190014 0.071541
0.704560 0.243758 0.051682
0.672881 0.248415 0.078703
0.720180 0.279810 0.000010
0.671339 0.238995 0.089666
0.719375 0.263168 0.017457
0.000010 0.067012 0.932978
0.423001 0.271100 0.305899
0.595596 0.255613 0.148790
0.638371 0.185141 0.176488
0.574261 0.225660 0.200078
0.856366 0.112603 0.031031
0.370119 0.621251 0.008630
0.583376 0.325448 0.091176
0.648153 0.257138 0.094710
0.000010 0.999980 0.000010
0.363508 0.491927 0.144566
0.681593 0.254856 0.063551
0.000010 0.000010 0.999980
0.423186 0.442642 0.134172
0.484755 0.122223 0.393021
0.320136 0.587410 0.092454
0.653029 0.216613 0.130358
0.614828 0.361672 0.023500
0.000010 0.999980 0.000010
0.000010 0.999980 0.000010
0.390504 0.000010 0.609486
0.642367 0.252068 0.105565
0.551266 0.289922 0.158812
0.000010 0.999980 0.000010
0.625268 0.299079 0.075653
0.749742 0.170675 0.079583
0.000010 0.017954 0.982036
0.422549 0.242233 0.335218
0.630454 0.244401 0.125145
0.801996 0.157554 0.040449
0.362426 0.452484 0.185090
0.661641 0.197576 0.140783
0.784918 0.215072 0.000010
0.408247 0.365159 0.226594
0.731504 0.195894 0.072602
0.000010 0.020336 0.979654
0.726953 0.232800 0.040246
0.747132 0.197690 0.055177
0.796215 0.193506 0.010279
0.583167 0.325292 0.091541
0.618495 0.305772 0.075733
0.766389 0.178215 0.055396
0.406366 0.470367 0.123267
0.892963 0.000010 0.107027
0.681057 0.240377 0.078566
0.654704 0.317904 0.027392
0.708701 0.186048 0.105251
0.682339 0.194660 0.123001
0.686176 0.219330 0.094494
0.617927 0.261272 0.120802
0.700323 0.167009 0.132668
0.604156 0.236314 0.159530
0.588477 0.284051 0.127472
0.678173 0.193297 0.128530
0.679227 0.189266 0.131507
0.749714 0.176524 0.073762
0.816792 0.080728 0.102480
0.000010 0.000010 0.999980
0.825461 0.076659 0.097880
0.616719 0.291791 0.091489
0.959060 0.000010 0.040930
0.665423 0.198589 0.135988
0.666818 0.179470 0.153712
0.662605 0.188561 0.148835
0.624335 0.186638 0.189027
0.680642 0.147534 0.171825
0.558501 0.208313 0.233186
0.563646 0.153828 0.282526
0.709483 0.163619 0.126897
0.450333 0.382920 0.166747
0.627176 0.180507 0.192316
0.718560 0.209664 0.071776
0.726950 0.156168 0.116882
0.678119 0.191732 0.130148
0.430354 0.363044 0.206602
0.631968 0.260308 0.107723
0.709357 0.235471 0.055173
0.551330 0.264415 0.184255
0.515759 0.361349 0.122891
0.467123 0.368765 0.164113
0.800633 0.168334 0.031034
0.800301 0.197622 0.002076
0.000010 0.000010 0.999980
0.678573 0.199459 0.121968
0.738412 0.198524 0.063064
0.706668 0.234138 0.059194
0.890277 0.099880 0.009843
0.742412 0.168844 0.088744
0.000010 0.000010 0.999980
0.318119 0.556434 0.125448
0.709641 0.199034 0.091324
0.415821 0.474118 0.110061
0.678093 0.278683 0.043224
0.561113 0.337785 0.101101
0.000010 0.000010 0.999980
0.000010 0.050481 0.949509
0.663803 0.290033 0.046164
0.000010 0.999980 0.000010
0.662068 0.250210 0.087723
0.191170 0.191455 0.617375
0.615877 0.140003 0.244120
0.657852 0.241953 0.100195
0.000010 0.159197 0.840793
0.274992 0.145822 0.579187
0.689802 0.274796 0.035402
0.693383 0.255037 0.051579
0.534895 0.421891 0.043215
0.619480 0.307138 0.073381
0.206115 0.192001 0.601884
0.656056 0.268344 0.075600
0.499329 0.185806 0.314864
0.920470 0.079520 0.000010
0.609504 0.284140 0.106356
0.714149 0.169658 0.116193
0.589747 0.310526 0.099726
0.704579 0.247196 0.048225
0.820351 0.179639 0.000010
0.681052 0.248996 0.069952
0.000010 0.999980 0.000010
0.377277 0.480566 0.142157
0.536614 0.257143 0.206244
0.000010 0.000010 0.999980
0.767782 0.091045 0.141173
0.000010 0.999980 0.000010
0.530249 0.410701 0.059050
0.775463 0.216752 0.007785
0.463821 0.443851 0.092328
0.417995 0.475690 0.106314
0.000010 0.011225 0.988765
0.151750 0.256019 0.592231
0.584909 0.272148 0.142944
0.883331 0.000010 0.116659
0.703540 0.249925 0.046535
0.582393 0.309474 0.108133
0.688780 0.247239 0.063980
0.680798 0.247566 0.071637
0.684942 0.241184 0.073874
0.118690 0.012508 0.868802
0.549310 0.332347 0.118343
0.000010 0.077897 0.922093
0.751734 0.204517 0.043749
0.000010 0.000010 0.999980
0.278930 0.469751 0.251319
0.529854 0.273021 0.197125
0.434340 0.129672 0.435988
0.000010 0.999980 0.000010
0.651024 0.160421 0.188555
0.429107 0.338114 0.232779
0.497951 0.262006 0.240043
0.000010 0.169564 0.830426
0.000010 0.000010 0.999980
0.637286 0.145260 0.217455
0.522253 0.312502 0.165244
0.287304 0.000010 0.712686
0.544126 0.268842 0.187032
0.000010 0.021979 0.978011
0.500574 0.306290 0.193136
0.339216 0.413687 0.247097
0.548678 0.271089 0.180233
0.465164 0.329295 0.205541
0.483240 0.301685 0.215075
0.479702 0.290396 0.229902
0.566842 0.242455 0.190704
0.496461 0.242762 0.260777
0.128948 0.178308 0.692744
0.000010 0.000010 0.999980
0.305337 0.291759 0.402903
0.451468 0.326197 0.222336
0.000010 0.540219 0.459771
0.464957 0.288794 0.246249
0.590068 0.252311 0.157621
0.369608 0.359624 0.270768
0.000010 0.995988 0.004002
0.480520 0.281755 0.237726
0.334833 0.441685 0.223482
0.422770 0.339609 0.237620
0.238330 0.512995 0.248675
0.488527 0.184228 0.327245
0.427354 0.313695 0.258951
0.580544 0.222518 0.196938
0.554475 0.247310 0.198215
0.471104 0.284711 0.244185
0.375522 0.206850 0.417628
0.440540 0.247320 0.312140
0.000010 0.013767 0.986223
0.505035 0.300084 0.194881
0.504016 0.246605 0.249379
0.150289 0.138610 0.711101
0.531379 0.252919 0.215703
0.626465 0.152246 0.221289
0.000010 0.000010 0.999980
0.573897 0.000010 0.426093
0.340740 0.223404 0.435856
0.369062 0.207603 0.423335
0.842842 0.002888 0.154270
0.543726 0.267729 0.188545
0.347592 0.238843 0.413565
0.536950 0.247852 0.215198
0.000010 0.999980 0.000010
0.478672 0.264681 0.256647
0.659092 0.288787 0.052121
0.705088 0.201668 0.093243
0.227160 0.548532 0.224308
0.749624 0.191970 0.058406
0.377850 0.486368 0.135782
0.413903 0.447445 0.138651
0.932660 0.067330 0.000010
0.382831 0.463825 0.153344
0.596973 0.335663 0.067363
0.368114 0.515101 0.116786
0.734454 0.209177 0.056369
0.585435 0.354159 0.060406
0.675737 0.279742 0.044522
0.521961 0.354777 0.123262
0.424382 0.416806 0.158812
0.413327 0.430290 0.156382
0.390787 0.499568 0.109646
0.664140 0.245783 0.090077
0.451025 0.459574 0.089401
0.386005 0.481201 0.132794
0.678070 0.252935 0.068994
0.553197 0.352216 0.094588
0.443544 0.485884 0.070572
0.403892 0.460799 0.135309
0.670290 0.289243 0.040466
0.538623 0.398671 0.062706
0.473449 0.487996 0.038555
0.518763 0.350725 0.130512
0.401163 0.503821 0.095016
0.475279 0.418645 0.106076
0.403630 0.488837 0.107533
0.635918 0.261080 0.103002
0.404939 0.438597 0.156464
0.430820 0.450486 0.118694
0.189922 0.726243 0.083835
0.636929 0.263360 0.099710
0.338463 0.499867 0.161670
0.270377 0.528839 0.200784
0.467474 0.427495 0.105032
0.417747 0.305772 0.276480
0.464120 0.301100 0.234779
0.713200 0.237442 0.049359
0.673777 0.267756 0.058467
0.366637 0.487690 0.145673
0.370767 0.494509 0.134724
0.468391 0.436915 0.094694
0.709335 0.226211 0.064454
0.428852 0.456746 0.114402
