0.015532 0.000010 0.591490 0.000010 0.168442 0.224496 0.000010 0.000010
0.041116 0.002025 0.000010 0.100972 0.216124 0.240426 0.000010 0.399317
0.194715 0.000010 0.173251 0.141740 0.078192 0.250462 0.000010 0.161619
0.217173 0.000010 0.133510 0.041772 0.000010 0.308184 0.091181 0.208161
0.000010 0.000010 0.000010 0.000010 0.000010 0.000010 0.999930 0.000010
0.000010 0.000010 0.000010 0.682886 0.000010 0.000010 0.317054 0.000010
0.000010 0.000010 0.999930 0.000010 0.000010 0.000010 0.000010 0.000010
0.205565 0.000010 0.794375 0.000010 0.000010 0.000010 0.000010 0.000010
0.335913 0.000010 0.000010 0.000010 0.124515 0.000010 0.057792 0.481740
0.203109 0.000958 0.113534 0.050761 0.064241 0.163418 0.000010 0.403969
0.156653 0.016708 0.161204 0.000010 0.000010 0.000010 0.527662 0.137742
0.165083 0.000010 0.107067 0.000010 0.124627 0.287271 0.094117 0.221816
0.313663 0.000010 0.363940 0.105399 0.000010 0.136885 0.080083 0.000010
0.169642 0.000010 0.034645 0.000010 0.246126 0.404446 0.039890 0.105231
0.000010 0.000010 0.000010 0.262733 0.000010 0.000010 0.000010 0.737207
0.120778 0.006071 0.208987 0.058015 0.240585 0.152048 0.014908 0.198609
0.397654 0.000010 0.153432 0.000010 0.000010 0.000010 0.121188 0.327686
0.185010 0.000010 0.000010 0.000010 0.000010 0.814930 0.000010 0.000010
0.232360 0.000010 0.000010 0.767580 0.000010 0.000010 0.000010 0.000010
0.213078 0.014320 0.153647 0.211255 0.067070 0.191184 0.054827 0.094620
0.120289 0.057944 0.243801 0.227697 0.163179 0.187069 0.000010 0.000010
0.000010 0.000010 0.215880 0.311865 0.111419 0.210872 0.022691 0.127253
0.052446 0.009745 0.000010 0.266214 0.139553 0.077054 0.040670 0.414307
0.000010 0.002463 0.000010 0.032245 0.200696 0.273415 0.056751 0.434409
0.193940 0.000010 0.205520 0.000010 0.067680 0.139904 0.090080 0.302857
0.145758 0.000010 0.229010 0.302782 0.000010 0.075852 0.065587 0.180992
0.000010 0.001545 0.367221 0.321160 0.131227 0.142479 0.036348 0.000010
0.012738 0.000010 0.000010 0.182460 0.076583 0.000010 0.728179 0.000010
0.051087 0.000010 0.250187 0.000010 0.225686 0.101002 0.016817 0.355201
0.117454 0.000010 0.098531 0.107744 0.038915 0.165663 0.471674 0.000010
0.000010 0.000010 0.209892 0.000010 0.000010 0.000010 0.790048 0.000010
0.131684 0.017759 0.000010 0.307496 0.013423 0.037003 0.282909 0.209716
0.219091 0.000010 0.000010 0.780849 0.000010 0.000010 0.000010 0.000010
0.110567 0.000010 0.000010 0.574824 0.000010 0.314559 0.000010 0.000010
0.000010 0.000010 0.690721 0.000010 0.309219 0.000010 0.000010 0.000010
0.015924 0.000010 0.000010 0.000010 0.340954 0.643072 0.000010 0.000010
0.000010 0.000010 0.000010 0.000010 0.000010 0.000010 0.999930 0.000010
0.000010 0.000010 0.000010 0.000010 0.000010 0.000010 0.999930 0.000010
0.221735 0.011552 0.000010 0.000010 0.000010 0.354165 0.000010 0.412507
0.000010 0.000010 0.000010 0.000010 0.999930 0.000010 0.000010 0.000010
0.000010 0.026471 0.295628 0.101558 0.162177 0.258844 0.001270 0.154042
0.129659 0.004885 0.107378 0.227277 0.015276 0.175263 0.052933 0.287330
0.000010 0.000010 0.157575 0.000010 0.180824 0.248048 0.000010 0.413513
0.059666 0.000010 0.000010 0.178038 0.064932 0.000010 0.509575 0.187759
0.038181 0.000010 0.220053 0.230928 0.163708 0.000010 0.235678 0.111432
0.000010 0.001748 0.359712 0.134252 0.187351 0.111850 0.000010 0.205066
0.302243 0.007502 0.580720 0.000010 0.000010 0.000010 0.109495 0.000010
0.339044 0.000010 0.086047 0.000010 0.000010 0.117314 0.075486 0.382079
0.209859 0.000010 0.189849 0.178615 0.079716 0.109781 0.037373 0.194798
0.031021 0.007048 0.145442 0.096043 0.102959 0.189775 0.083193 0.344519
0.036737 0.013613 0.146018 0.223618 0.115267 0.000010 0.110923 0.353814
0.165573 0.000010 0.037646 0.089180 0.132564 0.253086 0.043056 0.278886
0.353782 0.000010 0.346989 0.000010 0.107711 0.126541 0.064947 0.000010
0.328063 0.000010 0.234243 0.000010 0.000010 0.000010 0.083787 0.353867
0.192777 0.000010 0.000010 0.807163 0.000010 0.000010 0.000010 0.000010
0.040624 0.006800 0.281730 0.000010 0.164760 0.126417 0.000010 0.379649
0.212710 0.041335 0.272806 0.000010 0.142280 0.157275 0.000010 0.173574
0.149925 0.000010 0.215015 0.425286 0.000010 0.209734 0.000010 0.000010
0.028026 0.006779 0.431809 0.000010 0.151679 0.381676 0.000010 0.000010
0.300058 0.000010 0.125875 0.486257 0.000010 0.000010 0.087770 0.000010
0.158996 0.006691 0.088407 0.100553 0.083246 0.212273 0.067724 0.282110
0.118909 0.000010 0.299543 0.135408 0.147610 0.000010 0.174462 0.124047
0.175683 0.000010 0.000010 0.360607 0.000010 0.000010 0.000010 0.463660
0.272276 0.000010 0.000010 0.545081 0.182594 0.000010 0.000010 0.000010
0.000010 0.000010 0.000010 0.000010 0.067753 0.000010 0.932187 0.000010
0.112056 0.000010 0.197944 0.318424 0.110250 0.000010 0.000010 0.261296
0.079316 0.008141 0.022018 0.166993 0.141505 0.000010 0.226661 0.355357
0.081849 0.000010 0.000010 0.000010 0.918091 0.000010 0.000010 0.000010
0.000010 0.000010 0.000010 0.000010 0.999930 0.000010 0.000010 0.000010
0.012481 0.046808 0.366639 0.197425 0.013978 0.205137 0.000010 0.157523
0.043305 0.036883 0.000010 0.142445 0.123538 0.111117 0.039285 0.503417
0.199458 0.000010 0.202922 0.253078 0.078876 0.254622 0.011025 0.000010
0.399529 0.000010 0.600411 0.000010 0.000010 0.000010 0.000010 0.000010
0.000010 0.000010 0.286481 0.249734 0.114514 0.000010 0.201068 0.148174
0.122149 0.000010 0.000010 0.000010 0.000010 0.000010 0.000010 0.877791
0.000010 0.000010 0.000010 0.059045 0.449379 0.000010 0.000010 0.491526
0.000010 0.000010 0.000010 0.000010 0.000010 0.000010 0.000010 0.999930
0.000010 0.000010 0.000010 0.574725 0.425215 0.000010 0.000010 0.000010
0.042289 0.005240 0.168776 0.273116 0.000010 0.243530 0.069574 0.197465
0.000010 0.033256 0.250243 0.102471 0.177611 0.045941 0.087388 0.303080
0.000010 0.021933 0.000010 0.179556 0.103771 0.358614 0.065973 0.270133
0.211339 0.011487 0.353251 0.000010 0.086688 0.297919 0.039297 0.000010
0.000010 0.000010 0.372343 0.627597 0.000010 0.000010 0.000010 0.000010
0.044420 0.000010 0.000010 0.955520 0.000010 0.000010 0.000010 0.000010
0.072724 0.011731 0.150758 0.372881 0.173469 0.128243 0.012767 0.077427
0.003387 0.027027 0.228286 0.461717 0.000010 0.279552 0.000010 0.000010
0.254655 0.000010 0.000010 0.223554 0.237229 0.237915 0.046618 0.000010
0.121217 0.000010 0.000010 0.462233 0.000010 0.000010 0.000010 0.416499
0.131610 0.005382 0.061751 0.197166 0.135550 0.287988 0.080172 0.100382
0.171338 0.016933 0.174649 0.302718 0.083323 0.208706 0.042324 0.000010
0.070983 0.000010 0.204018 0.190415 0.317317 0.203757 0.013490 0.000010
0.246717 0.000010 0.000010 0.753223 0.000010 0.000010 0.000010 0.000010
0.136352 0.012815 0.000010 0.463411 0.000010 0.387382 0.000010 0.000010
0.033858 0.000010 0.354023 0.000010 0.272102 0.000010 0.000010 0.339977
0.000010 0.009135 0.000010 0.607845 0.000010 0.382970 0.000010 0.000010
0.056263 0.000010 0.096233 0.176943 0.121856 0.105679 0.412993 0.030022
0.184929 0.000010 0.396362 0.114783 0.000010 0.280140 0.023757 0.000010
0.150230 0.021574 0.000010 0.543223 0.254440 0.000010 0.030503 0.000010
0.295339 0.020856 0.282642 0.000010 0.000010 0.181040 0.026070 0.194032
0.000010 0.000010 0.000010 0.000010 0.000010 0.000010 0.999930 0.000010
0.214944 0.000010 0.000010 0.784996 0.000010 0.000010 0.000010 0.000010
0.000010 0.000010 0.000010 0.700664 0.000010 0.000010 0.000010 0.299276
0.083098 0.007177 0.254224 0.198720 0.146165 0.289606 0.020999 0.000010
0.047340 0.077169 0.120781 0.156200 0.200129 0.000010 0.000010 0.398361
0.000010 0.000010 0.000010 0.000010 0.408665 0.591275 0.000010 0.000010
0.019136 0.000010 0.000010 0.000010 0.389945 0.590869 0.000010 0.000010
0.301191 0.000010 0.000010 0.000010 0.000010 0.343764 0.162862 0.192142
0.000010 0.000010 0.000010 0.000010 0.000010 0.000010 0.999930 0.000010
0.114141 0.012784 0.249000 0.224043 0.094453 0.054684 0.000010 0.250884
0.000010 0.000010 0.000010 0.000010 0.000010 0.000010 0.999930 0.000010
0.999922 0.000010 0.000010 0.000018 0.000010 0.000010 0.000010 0.000010
0.079815 0.063183 0.171202 0.371488 0.000010 0.048204 0.000010 0.266089
0.058422 0.000010 0.000010 0.000010 0.218774 0.000010 0.000010 0.722753
0.401672 0.000010 0.305746 0.152617 0.000010 0.000010 0.113899 0.026036
0.136050 0.093786 0.179258 0.251350 0.124646 0.214890 0.000010 0.000010
0.038534 0.085232 0.252302 0.199448 0.152271 0.084541 0.077649 0.110022
0.077520 0.000010 0.922420 0.000010 0.000010 0.000010 0.000010 0.000010
0.210377 0.000010 0.210337 0.115247 0.000010 0.117226 0.051663 0.295131
0.148138 0.000010 0.291384 0.000010 0.066343 0.000010 0.048424 0.445681
0.000010 0.000010 0.000010 0.000010 0.000010 0.999930 0.000010 0.000010
0.127954 0.000010 0.198828 0.354440 0.147844 0.170904 0.000010 0.000010
0.262276 0.000010 0.204359 0.000010 0.000010 0.131317 0.039113 0.362905
0.136157 0.000010 0.090940 0.270250 0.170924 0.267660 0.000010 0.064050
0.112704 0.023352 0.256363 0.339507 0.180757 0.053441 0.033865 0.000010
0.087278 0.000010 0.279652 0.083086 0.150374 0.123784 0.076396 0.199421
0.078426 0.000010 0.224611 0.190462 0.029957 0.201891 0.038344 0.236300
0.265663 0.000010 0.000010 0.734277 0.000010 0.000010 0.000010 0.000010
0.132020 0.005299 0.301473 0.329378 0.000012 0.200616 0.031192 0.000010
0.090371 0.000010 0.000010 0.166667 0.182454 0.099854 0.145723 0.314910
0.037924 0.000010 0.307945 0.106025 0.000010 0.205075 0.162967 0.180044
0.070161 0.000010 0.344262 0.000010 0.000010 0.227878 0.000010 0.357659
0.007665 0.000010 0.260470 0.387999 0.017084 0.326752 0.000010 0.000010
0.259779 0.000010 0.064794 0.122309 0.151339 0.083183 0.067030 0.251556
0.082997 0.000010 0.395906 0.162986 0.094614 0.000010 0.000010 0.263466
0.530971 0.000010 0.000010 0.000010 0.000010 0.000010 0.468969 0.000010
0.039642 0.024673 0.173834 0.211857 0.185800 0.069405 0.049618 0.245170
0.109831 0.000010 0.303371 0.090486 0.159371 0.015721 0.000010 0.321201
0.000010 0.000010 0.999930 0.000010 0.000010 0.000010 0.000010 0.000010
0.052012 0.000010 0.000010 0.000010 0.262849 0.168490 0.347319 0.169301
0.050227 0.026453 0.264293 0.140661 0.166938 0.066336 0.039086 0.246006
0.138228 0.009780 0.155988 0.000010 0.042675 0.000010 0.340161 0.313147
0.000010 0.000010 0.999930 0.000010 0.000010 0.000010 0.000010 0.000010
0.019901 0.000010 0.409966 0.000010 0.203353 0.366740 0.000010 0.000010
0.000010 0.000010 0.000010 0.000010 0.000010 0.000010 0.000010 0.999930
0.108673 0.000010 0.000010 0.354319 0.218152 0.135646 0.017516 0.165673
0.333355 0.000010 0.000010 0.000010 0.666585 0.000010 0.000010 0.000010
0.203654 0.000010 0.128465 0.248842 0.090183 0.199561 0.000010 0.129275
0.148579 0.000010 0.149226 0.068332 0.101964 0.207992 0.042098 0.281799
0.447770 0.000010 0.153590 0.000010 0.000010 0.319950 0.078650 0.000010
0.167751 0.000010 0.202550 0.014142 0.136038 0.187249 0.086617 0.205643
0.053879 0.000010 0.286458 0.122154 0.159381 0.044919 0.038422 0.294776
0.236368 0.000010 0.000010 0.000010 0.448622 0.281639 0.033331 0.000010
0.000010 0.000010 0.000010 0.000010 0.000010 0.000010 0.999930 0.000010
0.134709 0.000010 0.084976 0.345674 0.096453 0.137977 0.035673 0.164528
0.089382 0.015679 0.026652 0.195316 0.061222 0.218300 0.245554 0.147895
0.000010 0.000010 0.000010 0.000010 0.000010 0.000010 0.999930 0.000010
0.237165 0.000010 0.762775 0.000010 0.000010 0.000010 0.000010 0.000010
0.153920 0.004587 0.327869 0.285426 0.000010 0.210649 0.017529 0.000010
0.148436 0.007019 0.290044 0.233047 0.071169 0.034498 0.058746 0.157042
0.000010 0.000010 0.000010 0.000010 0.000010 0.258675 0.741265 0.000010
0.000010 0.000010 0.000010 0.000010 0.000010 0.000010 0.999930 0.000010
0.000010 0.016838 0.426766 0.000010 0.000010 0.000010 0.059991 0.496365
0.097368 0.015268 0.000010 0.000010 0.000010 0.145460 0.461875 0.279999
0.000010 0.000010 0.000010 0.000010 0.000010 0.000010 0.000010 0.999930
0.000010 0.000010 0.000010 0.000010 0.000010 0.999930 0.000010 0.000010
0.159310 0.000010 0.179433 0.271876 0.079190 0.052355 0.081730 0.176096
0.022401 0.000010 0.279675 0.000010 0.136993 0.261207 0.000010 0.299694
0.349420 0.000010 0.229336 0.059079 0.000010 0.038255 0.101492 0.222399
0.000010 0.000010 0.000010 0.831953 0.000010 0.000010 0.167987 0.000010
0.000010 0.000010 0.000010 0.211707 0.000010 0.000010 0.788233 0.000010
0.264392 0.000010 0.302668 0.216545 0.141228 0.000010 0.075137 0.000010
0.294724 0.000010 0.191113 0.000010 0.135878 0.000010 0.066979 0.311276
0.000010 0.000010 0.000010 0.077573 0.000010 0.000010 0.664047 0.258330
0.187533 0.005181 0.169977 0.282477 0.159460 0.000010 0.000010 0.195351
0.000010 0.000010 0.000010 0.000010 0.000010 0.428614 0.571326 0.000010
0.000010 0.000010 0.000010 0.000010 0.000010 0.999930 0.000010 0.000010
0.069760 0.011784 0.295310 0.125872 0.044068 0.289808 0.053803 0.109595
0.000010 0.000010 0.000010 0.999930 0.000010 0.000010 0.000010 0.000010
0.182119 0.000010 0.000010 0.000010 0.000010 0.287495 0.050680 0.479666
0.278569 0.009256 0.041344 0.267049 0.000010 0.088227 0.060649 0.254896
0.000010 0.000010 0.999930 0.000010 0.000010 0.000010 0.000010 0.000010
0.999930 0.000010 0.000010 0.000010 0.000010 0.000010 0.000010 0.000010
0.182369 0.000010 0.000010 0.500612 0.000010 0.316969 0.000010 0.000010
0.000010 0.000010 0.424523 0.000010 0.188822 0.000010 0.027873 0.358742
0.137072 0.028963 0.155542 0.014695 0.061569 0.144356 0.046170 0.411633
0.000010 0.000010 0.461066 0.000010 0.538874 0.000010 0.000010 0.000010
0.066003 0.000010 0.187389 0.245473 0.215474 0.000010 0.000010 0.285631
0.089663 0.000019 0.079634 0.197992 0.153226 0.221724 0.000010 0.257732
0.180049 0.000010 0.000010 0.393527 0.000010 0.000010 0.000010 0.426373
0.171808 0.026725 0.251686 0.359060 0.153426 0.000010 0.037275 0.000010
0.053748 0.013056 0.232923 0.149942 0.000010 0.068312 0.474216 0.007794
0.000010 0.011347 0.252676 0.100804 0.191555 0.264074 0.026798 0.152736
0.228621 0.070542 0.264928 0.000010 0.058222 0.000010 0.056644 0.321023
0.140028 0.054433 0.038182 0.336458 0.028628 0.189620 0.037707 0.174944
0.134485 0.000010 0.609641 0.000010 0.000010 0.000010 0.000010 0.255824
0.001391 0.000010 0.341931 0.000010 0.000010 0.225762 0.061171 0.369716
0.169629 0.000010 0.000010 0.292155 0.189733 0.000010 0.281739 0.066713
0.156431 0.000010 0.000010 0.000010 0.311141 0.246046 0.004497 0.281855
0.000010 0.000010 0.000010 0.000010 0.000010 0.999930 0.000010 0.000010
0.067499 0.000010 0.203980 0.106632 0.098931 0.191160 0.035765 0.296021
0.178376 0.003373 0.190395 0.455252 0.119143 0.000010 0.053441 0.000010
0.011316 0.006520 0.479650 0.000010 0.000010 0.502474 0.000010 0.000010
0.161106 0.000010 0.182990 0.634642 0.000010 0.000010 0.021223 0.000010
0.260098 0.000010 0.000010 0.000010 0.000010 0.739842 0.000010 0.000010
0.000010 0.000010 0.000010 0.000010 0.000010 0.000010 0.999930 0.000010
0.390107 0.000010 0.092584 0.177341 0.129648 0.000010 0.000010 0.210291
0.088090 0.000010 0.248258 0.000010 0.087695 0.000010 0.575917 0.000010
0.000010 0.026875 0.238051 0.162246 0.000010 0.238230 0.000010 0.334567
0.001528 0.000010 0.212359 0.336031 0.065859 0.109489 0.031469 0.243255
0.262491 0.005913 0.180468 0.365529 0.000010 0.000010 0.061716 0.123864
0.042211 0.000010 0.000010 0.240794 0.089892 0.135726 0.302975 0.188382
0.000010 0.000010 0.000010 0.000010 0.000010 0.000010 0.999930 0.000010
0.098685 0.000010 0.217701 0.196914 0.112956 0.166435 0.096667 0.110632
0.239159 0.010638 0.327284 0.000010 0.000010 0.000010 0.000010 0.422879
0.097388 0.012155 0.255760 0.208485 0.157710 0.000010 0.000010 0.268482
0.057000 0.000010 0.270770 0.215180 0.000010 0.360800 0.000010 0.096220
0.261812 0.000010 0.172603 0.277195 0.000010 0.237630 0.050731 0.000010
0.040949 0.006914 0.341559 0.088335 0.171013 0.067641 0.019062 0.264526
0.127351 0.000010 0.197055 0.232626 0.022444 0.074864 0.013488 0.332164
0.000010 0.012580 0.512375 0.000010 0.000010 0.000010 0.000010 0.474994
0.000010 0.000010 0.367201 0.632739 0.000010 0.000010 0.000010 0.000010
0.095247 0.000010 0.000010 0.368830 0.000010 0.000010 0.000010 0.535872
0.000010 0.000010 0.000010 0.584398 0.000010 0.000010 0.415542 0.000010
0.198651 0.004105 0.174669 0.046209 0.057002 0.054256 0.088869 0.376239
0.000010 0.000010 0.999930 0.000010 0.000010 0.000010 0.000010 0.000010
0.232405 0.002152 0.281731 0.140298 0.049886 0.000010 0.036007 0.257511
0.088119 0.000015 0.000010 0.432412 0.095467 0.000010 0.046191 0.337775
0.009391 0.000010 0.000010 0.664928 0.000010 0.000010 0.000010 0.325631
0.424959 0.000010 0.293123 0.000010 0.000010 0.000010 0.097247 0.184631
0.139566 0.000010 0.000010 0.283605 0.184035 0.138165 0.000010 0.254600
0.013003 0.000010 0.000010 0.000010 0.452364 0.000010 0.000010 0.534582
0.315369 0.000010 0.000010 0.000010 0.000010 0.169154 0.110765 0.404672
0.095195 0.000010 0.233010 0.213719 0.180472 0.199792 0.022308 0.055493
0.000010 0.000010 0.000010 0.749366 0.000010 0.250574 0.000010 0.000010
0.130224 0.006232 0.217879 0.315734 0.204519 0.096700 0.000010 0.028702
0.113219 0.000010 0.000010 0.000010 0.183275 0.000010 0.703456 0.000010
0.000010 0.000010 0.000010 0.672305 0.000010 0.000010 0.327635 0.000010
0.153710 0.000010 0.133272 0.288219 0.081079 0.179229 0.073142 0.091338
0.118718 0.019838 0.339411 0.337817 0.064672 0.000010 0.000010 0.119524
0.040249 0.008756 0.317367 0.133437 0.183210 0.298841 0.018130 0.000010
0.000010 0.000010 0.000010 0.000010 0.000010 0.000010 0.999930 0.000010
0.000010 0.000010 0.000010 0.000010 0.000010 0.000010 0.000010 0.999930
0.247002 0.000010 0.000010 0.205703 0.133103 0.135576 0.083471 0.195125
0.250367 0.026162 0.000010 0.029692 0.125186 0.073614 0.396492 0.098479
0.098671 0.004561 0.070621 0.091111 0.099604 0.040370 0.184779 0.410282
0.061272 0.000010 0.395723 0.157921 0.144739 0.049836 0.000930 0.189569
0.163117 0.000010 0.000010 0.114153 0.163378 0.128561 0.000010 0.430760
0.499407 0.000010 0.276833 0.000010 0.128008 0.000010 0.095712 0.000010
0.131658 0.000010 0.104264 0.293220 0.138216 0.233644 0.006966 0.092023
0.000010 0.000010 0.999930 0.000010 0.000010 0.000010 0.000010 0.000010
0.000010 0.000010 0.000010 0.000010 0.000010 0.000010 0.000010 0.999930
0.083102 0.000010 0.189298 0.327794 0.000010 0.299199 0.100576 0.000010
0.032691 0.008600 0.481993 0.000010 0.186022 0.090859 0.003989 0.195835
0.000010 0.000010 0.000010 0.119587 0.251130 0.000010 0.294528 0.334715
0.051178 0.000010 0.299720 0.556000 0.093062 0.000010 0.000010 0.000010
0.330907 0.000012 0.000010 0.000010 0.203129 0.000010 0.077737 0.388186
0.302772 0.000010 0.146452 0.000010 0.156311 0.211034 0.055988 0.127422
0.000010 0.000010 0.000010 0.000010 0.999930 0.000010 0.000010 0.000010
0.000010 0.000010 0.000010 0.000010 0.000010 0.000010 0.000010 0.999930
0.348419 0.000010 0.143890 0.000010 0.020871 0.044249 0.107623 0.334928
0.000010 0.000010 0.000010 0.000010 0.000010 0.000010 0.999930 0.000010
0.198576 0.000010 0.000010 0.801364 0.000010 0.000010 0.000010 0.000010
0.129895 0.074297 0.138415 0.345809 0.044757 0.266806 0.000010 0.000010
0.103852 0.046484 0.304238 0.503632 0.000010 0.000010 0.041765 0.000010
0.000010 0.000010 0.729557 0.000010 0.270383 0.000010 0.000010 0.000010
0.000010 0.000010 0.999930 0.000010 0.000010 0.000010 0.000010 0.000010
0.000010 0.000010 0.439752 0.356529 0.000010 0.000010 0.000010 0.203668
0.065684 0.000010 0.000010 0.204068 0.000010 0.000010 0.403141 0.327067
0.057855 0.032801 0.272534 0.137089 0.135412 0.168316 0.001288 0.194706
0.138350 0.000010 0.151873 0.219373 0.000010 0.111444 0.269829 0.109111
0.028757 0.000011 0.971181 0.000010 0.000010 0.000010 0.000010 0.000010
0.000010 0.000010 0.000010 0.826275 0.000010 0.000010 0.173665 0.000010
0.204615 0.000010 0.078594 0.182534 0.000010 0.120300 0.065155 0.348782
0.185927 0.000010 0.084063 0.176892 0.065370 0.137488 0.120815 0.229434
0.124510 0.022152 0.147118 0.169459 0.069098 0.120819 0.000010 0.346833
0.159969 0.000010 0.000010 0.138528 0.087512 0.091043 0.067538 0.455390
0.144552 0.004004 0.000010 0.171519 0.000010 0.150832 0.053137 0.475936
0.282945 0.000010 0.161588 0.217653 0.005649 0.087365 0.000010 0.244779
0.166808 0.028314 0.000010 0.140030 0.120176 0.271657 0.178812 0.094191
0.256439 0.000010 0.000010 0.158875 0.060513 0.182885 0.004744 0.336524
0.097184 0.000010 0.111923 0.206268 0.235494 0.098966 0.030139 0.220017
0.052573 0.009469 0.397419 0.000010 0.000010 0.000010 0.540499 0.000010
0.000010 0.000010 0.190007 0.482474 0.000010 0.208094 0.000010 0.119384
0.000010 0.000010 0.000010 0.000010 0.000010 0.000010 0.999930 0.000010
0.938354 0.000010 0.000010 0.000010 0.000010 0.000010 0.061586 0.000010
0.068097 0.031452 0.271150 0.037175 0.000010 0.254609 0.000010 0.337497
0.147642 0.015279 0.108210 0.331139 0.000010 0.000010 0.000010 0.397699
0.172322 0.019512 0.000010 0.466045 0.000010 0.341143 0.000947 0.000010
0.070783 0.048852 0.185523 0.199545 0.177836 0.317441 0.000010 0.000010
0.095274 0.012544 0.265700 0.042890 0.131649 0.232261 0.075290 0.144392
0.999930 0.000010 0.000010 0.000010 0.000010 0.000010 0.000010 0.000010
0.059672 0.003389 0.170724 0.216842 0.257038 0.040648 0.013966 0.237721
0.166430 0.000010 0.000010 0.000010 0.240217 0.026904 0.320779 0.245640
0.129105 0.000010 0.000010 0.000010 0.514311 0.356534 0.000010 0.000010
0.000010 0.000010 0.000010 0.000010 0.000010 0.283024 0.716916 0.000010
0.332840 0.000010 0.053924 0.131140 0.134947 0.000010 0.093773 0.253356
0.073920 0.000010 0.000010 0.000010 0.320925 0.000010 0.000010 0.605105
0.286035 0.000010 0.000010 0.000010 0.242373 0.255325 0.216227 0.000010
0.145867 0.012695 0.187433 0.315873 0.155801 0.061617 0.084125 0.036589
0.051890 0.000010 0.060231 0.009877 0.171133 0.065577 0.327556 0.313726
0.280411 0.000010 0.000010 0.254798 0.000010 0.199183 0.045033 0.220545
0.241155 0.000010 0.758785 0.000010 0.000010 0.000010 0.000010 0.000010
0.387226 0.024138 0.000010 0.234799 0.000010 0.123457 0.061943 0.168417
0.174095 0.000010 0.825845 0.000010 0.000010 0.000010 0.000010 0.000010
0.051683 0.019807 0.111430 0.280604 0.000010 0.289186 0.041558 0.205723
0.486759 0.000010 0.000010 0.000010 0.000010 0.260430 0.046467 0.206304
0.007841 0.007135 0.307606 0.417706 0.127208 0.028905 0.000010 0.103590
0.196234 0.033895 0.089366 0.294817 0.168670 0.114583 0.095795 0.006640
0.139886 0.041850 0.224039 0.328821 0.094811 0.170573 0.000010 0.000010
0.172058 0.000010 0.099109 0.280046 0.135238 0.000010 0.000010 0.313519
0.000010 0.000010 0.000010 0.370954 0.188070 0.244764 0.035002 0.161180
0.190726 0.046120 0.000010 0.433953 0.123948 0.000010 0.034399 0.170834
0.046189 0.000010 0.125893 0.333131 0.000010 0.103602 0.000010 0.391154
0.274190 0.006646 0.285373 0.070614 0.008484 0.182792 0.111866 0.060035
0.368193 0.000010 0.118734 0.151913 0.103207 0.053747 0.096784 0.107413
0.341526 0.010222 0.302811 0.000010 0.000010 0.000010 0.076408 0.269004
0.000010 0.000010 0.209995 0.000010 0.000010 0.000010 0.789945 0.000010
0.277909 0.000010 0.000010 0.692892 0.000010 0.000010 0.029148 0.000010
0.531467 0.000010 0.000010 0.000010 0.000010 0.000010 0.468473 0.000010
0.044894 0.000010 0.000010 0.000010 0.173602 0.466539 0.000010 0.314926
0.046192 0.000010 0.000010 0.000010 0.000010 0.000010 0.000010 0.953748
0.253329 0.000010 0.000010 0.746611 0.000010 0.000010 0.000010 0.000010
0.145029 0.000010 0.220756 0.323552 0.114454 0.000657 0.006642 0.188900
0.269389 0.000010 0.000010 0.730551 0.000010 0.000010 0.000010 0.000010
0.129817 0.000010 0.259776 0.355317 0.068616 0.054693 0.045086 0.086685
0.055901 0.000010 0.025038 0.241404 0.171482 0.198306 0.000010 0.307849
0.119688 0.000010 0.000010 0.261402 0.151623 0.203532 0.062996 0.200739
0.034519 0.000010 0.965421 0.000010 0.000010 0.000010 0.000010 0.000010
0.149649 0.002960 0.258004 0.239764 0.121350 0.141491 0.043119 0.043662
0.180442 0.000010 0.819498 0.000010 0.000010 0.000010 0.000010 0.000010
0.199371 0.000010 0.000010 0.800569 0.000010 0.000010 0.000010 0.000010
0.101085 0.000010 0.000010 0.898855 0.000010 0.000010 0.000010 0.000010
0.045084 0.000010 0.000010 0.471788 0.000010 0.483078 0.000010 0.000010
0.040598 0.020422 0.105043 0.157467 0.189354 0.023462 0.242766 0.220888
0.000010 0.000010 0.000010 0.000010 0.000010 0.000010 0.999930 0.000010
0.999930 0.000010 0.000010 0.000010 0.000010 0.000010 0.000010 0.000010
0.126905 0.000010 0.201101 0.139221 0.000010 0.162090 0.000010 0.370653
0.002216 0.000010 0.000010 0.000010 0.000010 0.000010 0.000010 0.997724
0.999930 0.000010 0.000010 0.000010 0.000010 0.000010 0.000010 0.000010
0.034353 0.013281 0.000010 0.117405 0.000010 0.131233 0.229323 0.474386
0.118740 0.000010 0.247215 0.231635 0.121605 0.000010 0.000010 0.280774
0.090536 0.000010 0.273613 0.110790 0.118247 0.160881 0.006368 0.239555
0.121316 0.045965 0.149594 0.107290 0.211661 0.076779 0.000010 0.287386
0.435740 0.000010 0.000010 0.000010 0.000010 0.417654 0.146556 0.000010
0.000010 0.000010 0.000010 0.106123 0.000010 0.000010 0.893817 0.000010
0.103128 0.000010 0.192902 0.448358 0.062067 0.193516 0.000010 0.000010
0.123566 0.037366 0.215762 0.160379 0.187139 0.107424 0.044274 0.124090
0.160531 0.000010 0.204565 0.279637 0.141347 0.183466 0.030434 0.000010
0.042051 0.000010 0.122164 0.297200 0.181727 0.098847 0.106305 0.151694
0.097367 0.000010 0.420683 0.327008 0.000010 0.154902 0.000010 0.000010
0.144123 0.000010 0.016975 0.263889 0.151784 0.194142 0.000962 0.228114
0.086994 0.000010 0.000010 0.170141 0.000010 0.167916 0.483720 0.091198
0.214775 0.002547 0.000010 0.519801 0.000010 0.000010 0.030607 0.232240
0.000010 0.000010 0.000010 0.000010 0.000010 0.000010 0.000010 0.999930
0.000010 0.015652 0.000010 0.612030 0.150163 0.065479 0.156647 0.000010
0.039003 0.019519 0.000010 0.000010 0.000010 0.000010 0.941428 0.000010
0.126834 0.014481 0.000010 0.252804 0.168788 0.127425 0.000010 0.309648
0.193372 0.010867 0.000010 0.280176 0.180090 0.000010 0.000010 0.335465
0.000010 0.000010 0.000010 0.000010 0.000010 0.000010 0.999930 0.000010
0.000010 0.000010 0.000010 0.000010 0.000010 0.000010 0.999930 0.000010
0.000010 0.000010 0.000010 0.752475 0.000010 0.000010 0.247465 0.000010
0.047545 0.000010 0.643199 0.000010 0.309206 0.000010 0.000010 0.000010
0.522975 0.000010 0.000010 0.000010 0.135579 0.000010 0.000010 0.341395
0.052447 0.004382 0.104547 0.229208 0.047685 0.309164 0.000010 0.252557
0.039617 0.000010 0.156139 0.359096 0.000010 0.000010 0.000010 0.445109
0.203361 0.000010 0.120695 0.311629 0.065703 0.000010 0.072172 0.226420
0.075171 0.024852 0.000010 0.143552 0.135807 0.244095 0.000010 0.376501
0.165869 0.022137 0.190095 0.210374 0.211441 0.166550 0.033524 0.000010
0.000010 0.000010 0.000010 0.000010 0.999930 0.000010 0.000010 0.000010
0.000010 0.000010 0.000010 0.000010 0.999930 0.000010 0.000010 0.000010
0.055443 0.000010 0.213658 0.260198 0.001070 0.178321 0.043271 0.248029
0.001579 0.000010 0.000010 0.000010 0.467617 0.530753 0.000010 0.000010
0.000010 0.000010 0.000010 0.000010 0.000010 0.000010 0.999930 0.000010
0.000010 0.000010 0.000010 0.000010 0.000010 0.000010 0.999930 0.000010
0.227860 0.010655 0.000010 0.225080 0.000010 0.037090 0.120853 0.378442
0.000010 0.000010 0.000010 0.000010 0.000010 0.000010 0.999930 0.000010
0.099133 0.028337 0.171662 0.144671 0.121507 0.111426 0.124822 0.198441
0.159053 0.000010 0.000010 0.000010 0.112851 0.226752 0.216650 0.284664
0.037862 0.006961 0.241363 0.306719 0.150064 0.000010 0.000010 0.257012
0.048126 0.000010 0.000010 0.000010 0.951814 0.000010 0.000010 0.000010
0.047648 0.000010 0.099192 0.048563 0.086747 0.000010 0.506532 0.211299
0.101142 0.000010 0.898798 0.000010 0.000010 0.000010 0.000010 0.000010
0.398345 0.000010 0.049134 0.085883 0.000010 0.176050 0.060859 0.229709
0.000010 0.000010 0.000010 0.000010 0.000010 0.000010 0.999930 0.000010
0.000010 0.000010 0.000010 0.000010 0.000010 0.999930 0.000010 0.000010
0.239558 0.006930 0.197317 0.169021 0.017830 0.240789 0.054586 0.073968
0.070411 0.026426 0.140118 0.165109 0.000010 0.000010 0.000010 0.597906
0.083718 0.004950 0.212569 0.601471 0.000010 0.000010 0.000010 0.097262
0.000010 0.000010 0.000010 0.000010 0.000010 0.000010 0.000010 0.999930
0.167078 0.000010 0.276644 0.000010 0.005314 0.246880 0.027802 0.276262
0.099698 0.001300 0.096063 0.215937 0.047830 0.175471 0.056596 0.307104
0.000010 0.014467 0.000010 0.231596 0.000010 0.127430 0.000010 0.626468
0.372415 0.000010 0.000010 0.000010 0.000010 0.627525 0.000010 0.000010
0.000010 0.000010 0.000010 0.000010 0.999930 0.000010 0.000010 0.000010
0.142695 0.000010 0.160265 0.436145 0.000010 0.089433 0.037895 0.133548
0.012575 0.000010 0.000010 0.636044 0.000010 0.351331 0.000010 0.000010
0.256832 0.000010 0.381886 0.232554 0.000010 0.125361 0.003338 0.000010
0.020088 0.000010 0.000010 0.979852 0.000010 0.000010 0.000010 0.000010
0.159484 0.000010 0.000010 0.840456 0.000010 0.000010 0.000010 0.000010
0.179689 0.000010 0.000010 0.391080 0.000010 0.000010 0.011468 0.417724
0.059736 0.014342 0.300895 0.000010 0.106206 0.000010 0.115273 0.403527
0.055577 0.000010 0.000010 0.000010 0.218722 0.000010 0.725651 0.000010
0.072198 0.000010 0.311721 0.128140 0.241903 0.140226 0.054141 0.051661
0.042085 0.000010 0.957855 0.000010 0.000010 0.000010 0.000010 0.000010
0.000010 0.000010 0.000010 0.000010 0.000010 0.000010 0.568453 0.431487
0.000010 0.000010 0.427012 0.084285 0.000010 0.000010 0.000010 0.488653
0.000010 0.000010 0.000010 0.000010 0.999930 0.000010 0.000010 0.000010
0.232502 0.000010 0.108843 0.000010 0.083575 0.207150 0.046507 0.321402
0.105708 0.004370 0.202048 0.295436 0.246148 0.146269 0.000010 0.000010
0.153142 0.000010 0.344621 0.000010 0.101191 0.136948 0.000010 0.264068
0.000010 0.000010 0.000010 0.000010 0.154300 0.000010 0.845640 0.000010
0.391820 0.001763 0.000010 0.000010 0.000010 0.316739 0.044346 0.245301
0.000010 0.000010 0.000010 0.000010 0.000010 0.000010 0.999930 0.000010
0.000010 0.000010 0.000010 0.000010 0.000010 0.999930 0.000010 0.000010
0.272891 0.000010 0.132867 0.094980 0.000010 0.152498 0.076754 0.269989
0.056593 0.012057 0.158916 0.157414 0.029541 0.270186 0.118419 0.196873
0.000010 0.000010 0.000010 0.000010 0.999930 0.000010 0.000010 0.000010
0.999930 0.000010 0.000010 0.000010 0.000010 0.000010 0.000010 0.000010
0.168176 0.000010 0.340102 0.000010 0.000010 0.000010 0.491671 0.000010
0.000010 0.000010 0.999930 0.000010 0.000010 0.000010 0.000010 0.000010
0.075747 0.000010 0.208469 0.000010 0.139682 0.180247 0.007939 0.387896
0.012655 0.000010 0.256708 0.000010 0.110173 0.161589 0.458845 0.000010
0.171607 0.000942 0.188468 0.071570 0.016276 0.000010 0.187103 0.364024
0.121085 0.015449 0.330544 0.280122 0.118822 0.125780 0.008188 0.000010
0.094915 0.000372 0.000010 0.000010 0.000010 0.171115 0.318257 0.415311
0.059426 0.016318 0.063471 0.295645 0.079249 0.159832 0.051752 0.274307
0.000010 0.000010 0.000010 0.000010 0.000010 0.000010 0.999930 0.000010
0.000010 0.000010 0.235850 0.000010 0.152388 0.298305 0.313417 0.000010
0.124919 0.000136 0.311861 0.264881 0.045696 0.202156 0.050342 0.000010
0.059423 0.000010 0.172147 0.279308 0.234137 0.138553 0.000010 0.116412
0.202750 0.000010 0.170454 0.237073 0.000010 0.140811 0.037273 0.211618
0.000010 0.000010 0.000010 0.571616 0.000010 0.000010 0.428324 0.000010
0.103689 0.000010 0.116904 0.218051 0.145489 0.090199 0.024711 0.300948
0.023401 0.000010 0.279566 0.323163 0.200438 0.159151 0.014261 0.000010
0.000010 0.000010 0.000010 0.000010 0.000010 0.999930 0.000010 0.000010
0.088965 0.010611 0.265994 0.220629 0.117895 0.234446 0.012570 0.048890
0.094504 0.000010 0.225980 0.000010 0.078578 0.215828 0.000010 0.385080
0.316813 0.000010 0.213693 0.237193 0.172731 0.000010 0.059540 0.000010
0.064234 0.000010 0.357130 0.000010 0.143800 0.000010 0.000010 0.434796
0.318657 0.000010 0.000010 0.316228 0.307887 0.000010 0.057188 0.000010
0.100163 0.069169 0.000010 0.426618 0.102602 0.162932 0.000010 0.138496
0.162951 0.000010 0.000010 0.278352 0.115994 0.217054 0.000010 0.225618
0.290093 0.004786 0.207381 0.147209 0.000010 0.000010 0.135074 0.215438
0.209347 0.000010 0.115717 0.202758 0.222543 0.162268 0.000010 0.087346
0.206052 0.042642 0.000010 0.218746 0.059893 0.299270 0.036609 0.136778
0.142726 0.010851 0.153444 0.267669 0.178900 0.000010 0.026215 0.220185
0.019190 0.006168 0.179951 0.106938 0.183037 0.000010 0.422837 0.081868
0.002367 0.061432 0.386997 0.000010 0.000010 0.549164 0.000010 0.000010
0.050131 0.000010 0.302647 0.071910 0.100896 0.203469 0.105417 0.165520
0.098473 0.000010 0.000010 0.128236 0.260398 0.373788 0.139074 0.000010
0.197463 0.000010 0.000010 0.390759 0.227279 0.000010 0.039740 0.144729
0.164208 0.001969 0.000010 0.334352 0.156901 0.000010 0.000010 0.342539
0.073580 0.000010 0.000010 0.246272 0.330837 0.349271 0.000010 0.000010
0.047828 0.010734 0.149953 0.224974 0.174934 0.137687 0.000010 0.253880
0.000010 0.027717 0.244891 0.127633 0.170070 0.172420 0.000010 0.257249
0.000010 0.000010 0.333193 0.000010 0.000010 0.000010 0.666747 0.000010
0.000010 0.000010 0.000010 0.000010 0.000010 0.000010 0.000010 0.999930
0.339288 0.014120 0.233114 0.000010 0.050493 0.000010 0.088483 0.274481
0.243623 0.005550 0.394797 0.078527 0.106861 0.135260 0.035373 0.000010
0.116633 0.005779 0.318556 0.072944 0.100881 0.084230 0.028236 0.272740
0.052507 0.000010 0.106165 0.310046 0.145796 0.080507 0.025554 0.279415
0.122015 0.000010 0.390371 0.178887 0.000010 0.208128 0.000010 0.100568
0.016563 0.000010 0.674113 0.000010 0.309274 0.000010 0.000010 0.000010
0.050245 0.000010 0.238933 0.295053 0.000010 0.175967 0.005920 0.233861
0.000010 0.000010 0.000010 0.000010 0.000010 0.999930 0.000010 0.000010
0.000703 0.000010 0.281396 0.151203 0.229614 0.171939 0.000010 0.165125
0.072098 0.000010 0.198600 0.196940 0.116833 0.095976 0.017364 0.302179
0.065423 0.030764 0.156717 0.145609 0.154168 0.205673 0.001307 0.240340
0.259878 0.000010 0.000010 0.172005 0.265777 0.000010 0.084029 0.218282
0.330794 0.000010 0.244128 0.000010 0.097819 0.000010 0.053861 0.273368
0.342940 0.000010 0.000010 0.205609 0.122447 0.000010 0.073947 0.255027
0.098843 0.000454 0.208786 0.143772 0.000010 0.217673 0.033902 0.296559
0.101564 0.000010 0.206243 0.277511 0.016725 0.202127 0.040703 0.155117
0.123888 0.000010 0.000010 0.506593 0.000010 0.369469 0.000010 0.000010
0.093221 0.000010 0.186437 0.330787 0.118544 0.051544 0.193002 0.026456
0.289346 0.000010 0.710594 0.000010 0.000010 0.000010 0.000010 0.000010
0.000010 0.000010 0.999930 0.000010 0.000010 0.000010 0.000010 0.000010
0.257498 0.000010 0.282856 0.204770 0.000010 0.161853 0.092993 0.000010
0.055778 0.000010 0.000010 0.000010 0.000010 0.000010 0.000010 0.944162
0.204145 0.000010 0.223164 0.000010 0.000010 0.151863 0.063710 0.357088
0.188256 0.015996 0.434568 0.308295 0.000010 0.000010 0.052856 0.000010
0.123978 0.000010 0.171347 0.226391 0.060664 0.207415 0.000010 0.210186
0.202412 0.061564 0.000010 0.000010 0.000010 0.000010 0.000010 0.735974
0.113669 0.036518 0.000010 0.323161 0.334750 0.183016 0.008866 0.000010
0.414916 0.000010 0.000010 0.000010 0.109428 0.383892 0.091724 0.000010
0.022498 0.031282 0.122350 0.018721 0.144275 0.206736 0.082268 0.371870
0.000010 0.000010 0.368067 0.010944 0.194204 0.161209 0.000010 0.265546
0.092649 0.000010 0.234366 0.211967 0.200521 0.159105 0.001961 0.099421
0.392388 0.000010 0.081377 0.000010 0.011101 0.127401 0.123425 0.264288
0.138972 0.013822 0.340180 0.000010 0.029343 0.293360 0.110953 0.073360
0.057280 0.015466 0.288230 0.130928 0.129722 0.000010 0.056877 0.321486
0.066205 0.000010 0.000010 0.000010 0.933735 0.000010 0.000010 0.000010
0.102920 0.010891 0.268677 0.165133 0.041133 0.139421 0.074204 0.197622
0.000010 0.000010 0.000010 0.000010 0.000010 0.999930 0.000010 0.000010
0.324607 0.000010 0.675333 0.000010 0.000010 0.000010 0.000010 0.000010
0.015625 0.006187 0.213505 0.000010 0.148958 0.190903 0.071050 0.353761
0.078338 0.000010 0.000010 0.212703 0.160127 0.361908 0.000010 0.186893
0.008554 0.017932 0.305104 0.235158 0.079991 0.051767 0.000010 0.301484
0.058721 0.000010 0.316340 0.250890 0.000010 0.374009 0.000010 0.000010
0.042900 0.000010 0.502893 0.000010 0.000010 0.454157 0.000010 0.000010
0.308936 0.000010 0.000010 0.000010 0.000010 0.691004 0.000010 0.000010
0.085654 0.022742 0.243659 0.240434 0.125525 0.000010 0.039232 0.242744
0.088571 0.027019 0.203957 0.267135 0.110085 0.140086 0.006168 0.156978
0.059849 0.000010 0.354119 0.145490 0.035707 0.060560 0.253677 0.090588
0.303322 0.031798 0.297600 0.000010 0.084917 0.049859 0.070120 0.162373
0.131156 0.000010 0.209554 0.334692 0.000010 0.000010 0.016137 0.308431
0.000010 0.000010 0.000010 0.000010 0.999930 0.000010 0.000010 0.000010
0.000010 0.000010 0.253263 0.377714 0.000010 0.000010 0.368973 0.000010
0.076194 0.000010 0.000010 0.319398 0.221476 0.370833 0.012068 0.000010
0.129153 0.021491 0.000010 0.241079 0.121970 0.000010 0.000010 0.486277
0.192876 0.000010 0.184786 0.315790 0.187004 0.110573 0.008951 0.000010
0.000010 0.000010 0.999930 0.000010 0.000010 0.000010 0.000010 0.000010
0.000010 0.000010 0.000010 0.000010 0.125063 0.000010 0.632365 0.242521
0.000010 0.000010 0.999930 0.000010 0.000010 0.000010 0.000010 0.000010
0.142172 0.000010 0.000010 0.119003 0.000010 0.000010 0.738775 0.000010
0.266125 0.000010 0.191673 0.060361 0.000010 0.170703 0.076631 0.234486
0.213119 0.000010 0.000010 0.000010 0.000010 0.323324 0.000010 0.463507
0.084237 0.000010 0.000010 0.915703 0.000010 0.000010 0.000010 0.000010
0.197206 0.000010 0.000010 0.802734 0.000010 0.000010 0.000010 0.000010
0.117514 0.000010 0.381936 0.000010 0.000010 0.000010 0.134892 0.365619
0.073714 0.047027 0.089202 0.292368 0.085821 0.242163 0.030850 0.138856
0.097440 0.000010 0.000010 0.258796 0.159620 0.168250 0.000010 0.315864
0.149386 0.000010 0.000010 0.447419 0.000010 0.000010 0.078912 0.324243
0.000010 0.000010 0.999930 0.000010 0.000010 0.000010 0.000010 0.000010
0.168705 0.035666 0.243348 0.253394 0.147059 0.000010 0.018580 0.133238
0.275244 0.000010 0.000010 0.317792 0.000010 0.000010 0.022926 0.383998
0.054831 0.003453 0.341376 0.000010 0.268668 0.108921 0.000010 0.222731
0.277325 0.000010 0.000010 0.722615 0.000010 0.000010 0.000010 0.000010
0.000010 0.000010 0.000010 0.999930 0.000010 0.000010 0.000010 0.000010
0.133426 0.007132 0.279440 0.132846 0.057848 0.136869 0.014228 0.238210
0.251814 0.000010 0.318439 0.049413 0.085981 0.175413 0.028283 0.090647
0.103841 0.000010 0.430293 0.000010 0.000010 0.465816 0.000010 0.000010
0.097282 0.000010 0.254072 0.153579 0.136344 0.326603 0.032100 0.000010
0.017493 0.000010 0.239997 0.742460 0.000010 0.000010 0.000010 0.000010
0.079289 0.032670 0.286355 0.173309 0.149907 0.165362 0.009673 0.103435
0.104188 0.000010 0.000010 0.000010 0.000010 0.000010 0.000010 0.895752
0.000010 0.000010 0.244796 0.075002 0.196911 0.321858 0.008827 0.152586
0.359549 0.000010 0.000010 0.099554 0.098667 0.146365 0.091830 0.204015
0.220391 0.012441 0.217044 0.000010 0.205794 0.021115 0.026072 0.297133
0.180647 0.000010 0.000010 0.819293 0.000010 0.000010 0.000010 0.000010
0.187228 0.000011 0.000010 0.000010 0.000010 0.000010 0.000010 0.812711
0.104692 0.000016 0.264592 0.123971 0.223831 0.000010 0.051560 0.231328
0.000010 0.000010 0.000010 0.453805 0.222396 0.000010 0.000010 0.323749
0.104490 0.005463 0.185513 0.242578 0.099908 0.000010 0.007491 0.354548
0.190741 0.000010 0.000010 0.320455 0.000010 0.263277 0.000010 0.225487
0.041008 0.030622 0.348254 0.000010 0.235540 0.000010 0.000010 0.344546
0.214540 0.000010 0.301177 0.075623 0.000010 0.072574 0.082849 0.253217
0.360220 0.000010 0.285679 0.000010 0.081489 0.045666 0.109599 0.117328
0.174407 0.009008 0.363056 0.136670 0.086451 0.000010 0.043273 0.187125
0.084181 0.000010 0.000010 0.915759 0.000010 0.000010 0.000010 0.000010
0.064779 0.064963 0.246710 0.176959 0.259140 0.000010 0.166639 0.020800
0.240120 0.005577 0.000010 0.324932 0.000010 0.000010 0.000010 0.429331
0.118012 0.015165 0.227704 0.128669 0.112080 0.138807 0.026329 0.233235
0.225652 0.000010 0.000010 0.774288 0.000010 0.000010 0.000010 0.000010
0.000010 0.000010 0.054673 0.242604 0.000010 0.000010 0.702673 0.000010
