0.014602 0.277293 0.232982 0.110228 0.000010 0.161686 0.203199
0.000010 0.523100 0.190531 0.019701 0.005666 0.260982 0.000010
0.000010 0.000010 0.436605 0.163302 0.000010 0.400053 0.000010
0.129665 0.176794 0.000010 0.348915 0.000010 0.000010 0.344596
0.999940 0.000010 0.000010 0.000010 0.000010 0.000010 0.000010
0.311186 0.000010 0.000010 0.000010 0.000010 0.000010 0.688764
0.057693 0.386319 0.220938 0.079276 0.000010 0.162554 0.093210
0.037087 0.429481 0.303242 0.230160 0.000010 0.000010 0.000010
0.102936 0.019214 0.062163 0.405780 0.000010 0.281557 0.128340
0.000010 0.241350 0.308173 0.202510 0.001236 0.246711 0.000010
0.542212 0.255201 0.015523 0.169744 0.017300 0.000010 0.000010
0.114605 0.260471 0.184135 0.185263 0.000010 0.255505 0.000010
0.076738 0.198494 0.038423 0.338286 0.000010 0.153450 0.194598
0.029194 0.506676 0.000010 0.172546 0.000010 0.291554 0.000010
0.000010 0.000010 0.000010 0.000010 0.000010 0.999940 0.000010
0.034825 0.187744 0.156911 0.157010 0.004945 0.327724 0.130842
0.126398 0.166432 0.000010 0.409947 0.000010 0.297193 0.000010
0.098938 0.000010 0.404247 0.232417 0.000010 0.264367 0.000010
0.000010 0.496692 0.503258 0.000010 0.000010 0.000010 0.000010
0.000010 0.876489 0.000010 0.122819 0.000652 0.000010 0.000010
0.000010 0.346591 0.000208 0.129227 0.070523 0.210656 0.242786
0.000010 0.000010 0.000010 0.000010 0.000010 0.602683 0.397267
0.044227 0.000010 0.225767 0.077615 0.026045 0.296195 0.330140
0.079135 0.344090 0.329679 0.020026 0.000010 0.227051 0.000010
0.127459 0.000010 0.307554 0.246835 0.000010 0.256954 0.061178
0.059567 0.063141 0.332699 0.167030 0.000010 0.000010 0.377544
0.051709 0.000010 0.268955 0.000010 0.000010 0.381017 0.298289
0.733709 0.000010 0.000010 0.027104 0.000010 0.000010 0.239147
0.049226 0.233074 0.195049 0.145066 0.000010 0.153313 0.224263
0.467833 0.350758 0.096675 0.084704 0.000010 0.000010 0.000010
0.761320 0.000010 0.000010 0.034589 0.000010 0.000010 0.204051
0.276179 0.000010 0.147492 0.097200 0.016725 0.253337 0.209057
0.000010 0.000010 0.662948 0.000010 0.000010 0.303305 0.033707
0.000010 0.999940 0.000010 0.000010 0.000010 0.000010 0.000010
0.000010 0.494296 0.505654 0.000010 0.000010 0.000010 0.000010
0.000010 0.309393 0.332128 0.058457 0.000010 0.299992 0.000010
0.999940 0.000010 0.000010 0.000010 0.000010 0.000010 0.000010
0.999940 0.000010 0.000010 0.000010 0.000010 0.000010 0.000010
0.042380 0.148128 0.104981 0.311876 0.005446 0.217934 0.169255
0.000010 0.000010 0.000010 0.000010 0.000010 0.999940 0.000010
0.000010 0.000010 0.000010 0.065150 0.029922 0.557616 0.347282
0.041364 0.263799 0.263481 0.063165 0.005382 0.333753 0.029056
0.000010 0.380986 0.177301 0.000010 0.000010 0.441672 0.000010
0.523001 0.166124 0.170195 0.044259 0.000010 0.000010 0.096402
0.240558 0.101411 0.218738 0.056079 0.000010 0.091337 0.291867
0.000010 0.999940 0.000010 0.000010 0.000010 0.000010 0.000010
0.094457 0.315067 0.161808 0.319906 0.013159 0.000010 0.095593
0.094259 0.361731 0.174184 0.369796 0.000010 0.000010 0.000010
0.043382 0.245707 0.152728 0.222116 0.000010 0.149141 0.186914
0.104286 0.214416 0.268961 0.088486 0.007188 0.097765 0.218898
0.134491 0.103334 0.207218 0.086543 0.016264 0.137755 0.314396
0.059960 0.313908 0.000010 0.226627 0.000010 0.196279 0.203206
0.080961 0.226094 0.161823 0.407100 0.000010 0.000010 0.124003
0.126989 0.172232 0.327772 0.372976 0.000010 0.000010 0.000010
0.000010 0.294458 0.370693 0.000010 0.012725 0.140566 0.181538
0.007656 0.173474 0.045504 0.169895 0.011850 0.247394 0.344227
0.014137 0.307900 0.204472 0.281289 0.040788 0.000010 0.151404
0.000010 0.356725 0.174957 0.110744 0.006123 0.049204 0.302236
0.000010 0.292508 0.254460 0.055769 0.012134 0.312215 0.072904
0.105121 0.228867 0.135779 0.240932 0.000010 0.000010 0.289281
0.077814 0.266245 0.274828 0.139217 0.001745 0.240142 0.000010
0.184040 0.306868 0.082482 0.138375 0.002192 0.104986 0.181056
0.011410 0.000010 0.000010 0.213871 0.000010 0.320097 0.454592
0.043835 0.215143 0.000010 0.263612 0.006393 0.000010 0.470997
0.966730 0.000010 0.033220 0.000010 0.000010 0.000010 0.000010
0.000010 0.301740 0.324441 0.075167 0.000010 0.103899 0.194733
0.242367 0.130974 0.165837 0.110690 0.022830 0.099197 0.228105
0.000010 0.000010 0.000010 0.097757 0.000010 0.902193 0.000010
0.000010 0.000010 0.000010 0.000010 0.000010 0.999940 0.000010
0.000010 0.109681 0.324240 0.039082 0.046362 0.226302 0.254324
0.000010 0.000010 0.999940 0.000010 0.000010 0.000010 0.000010
0.021711 0.222877 0.000010 0.237210 0.000010 0.171490 0.346692
0.000010 0.000010 0.591383 0.408567 0.000010 0.000010 0.000010
0.199939 0.000010 0.140528 0.050998 0.000010 0.149087 0.459428
0.000010 0.269329 0.212357 0.231839 0.013082 0.000010 0.273373
0.057842 0.000010 0.197220 0.179005 0.000010 0.000010 0.565903
0.000010 0.000010 0.000010 0.244081 0.000010 0.000010 0.755869
0.000010 0.000010 0.000010 0.000010 0.000010 0.410521 0.589429
0.079275 0.250686 0.164910 0.067572 0.016869 0.095934 0.324752
0.121090 0.088085 0.112276 0.093507 0.034992 0.213133 0.336919
0.054485 0.389693 0.000010 0.010508 0.008591 0.262731 0.273982
0.050352 0.387276 0.000010 0.230806 0.008729 0.322817 0.000010
0.000010 0.000010 0.000010 0.027445 0.000010 0.000010 0.972505
0.000010 0.000010 0.000010 0.025364 0.000010 0.000010 0.974586
0.000010 0.451392 0.358299 0.000010 0.020615 0.000010 0.169664
0.000010 0.218716 0.316545 0.000010 0.045376 0.000010 0.419332
0.081136 0.100381 0.061320 0.282103 0.000564 0.241167 0.233331
0.000010 0.000010 0.000010 0.222928 0.000010 0.000010 0.777022
0.086546 0.256428 0.146568 0.179304 0.007735 0.003920 0.319499
0.000010 0.956185 0.000010 0.043765 0.000010 0.000010 0.000010
0.021327 0.000010 0.279394 0.112950 0.000010 0.263314 0.322995
0.000010 0.000010 0.999940 0.000010 0.000010 0.000010 0.000010
0.016688 0.260815 0.192078 0.033787 0.024901 0.359604 0.112128
0.000602 0.135012 0.244452 0.099693 0.000010 0.342381 0.177850
0.000010 0.000010 0.000010 0.016395 0.000010 0.287124 0.696442
0.444898 0.000010 0.555052 0.000010 0.000010 0.000010 0.000010
0.053615 0.206134 0.117146 0.234492 0.000010 0.170320 0.218282
0.033445 0.194258 0.321506 0.020962 0.024564 0.245214 0.160051
0.065649 0.217240 0.049536 0.376870 0.030088 0.110719 0.149899
0.999940 0.000010 0.000010 0.000010 0.000010 0.000010 0.000010
0.000010 0.000010 0.999940 0.000010 0.000010 0.000010 0.000010
0.000010 0.316061 0.000010 0.000010 0.000010 0.000010 0.683889
0.035098 0.165588 0.266325 0.101335 0.003106 0.202403 0.226146
0.000010 0.466423 0.000010 0.060279 0.097771 0.202304 0.173202
0.009246 0.246922 0.304862 0.000010 0.000010 0.387126 0.051824
0.000010 0.000010 0.531296 0.051124 0.000010 0.417539 0.000010
0.166925 0.165981 0.160503 0.314314 0.000010 0.192257 0.000010
0.999940 0.000010 0.000010 0.000010 0.000010 0.000010 0.000010
0.000010 0.181624 0.000010 0.121370 0.014990 0.445492 0.236504
0.999940 0.000010 0.000010 0.000010 0.000010 0.000010 0.000010
0.000010 0.000010 0.000010 0.999940 0.000010 0.000010 0.000010
0.000010 0.268700 0.573271 0.000010 0.057530 0.000010 0.100469
0.000010 0.000010 0.000010 0.056284 0.000010 0.943666 0.000010
0.099123 0.230174 0.000010 0.427741 0.000010 0.000010 0.242931
0.000010 0.212650 0.203192 0.136056 0.102876 0.094241 0.250975
0.089064 0.159985 0.220128 0.045605 0.089865 0.210975 0.184379
0.062474 0.489153 0.000010 0.158697 0.000010 0.222284 0.067371
0.062610 0.201510 0.179970 0.249417 0.000010 0.118532 0.187951
0.080596 0.170830 0.331462 0.183770 0.000010 0.233322 0.000010
0.000010 0.999940 0.000010 0.000010 0.000010 0.000010 0.000010
0.000010 0.236234 0.228838 0.091014 0.000010 0.214383 0.229511
0.069616 0.189481 0.215574 0.299354 0.000010 0.225955 0.000010
0.000010 0.281922 0.132182 0.142536 0.000010 0.159140 0.284201
0.000010 0.000010 0.000010 0.000010 0.000010 0.999940 0.000010
0.059274 0.377005 0.000010 0.124952 0.000010 0.214178 0.224571
0.042419 0.328630 0.136945 0.090144 0.000010 0.205186 0.196667
0.000010 0.000010 0.000010 0.258807 0.000010 0.000010 0.741143
0.000010 0.999940 0.000010 0.000010 0.000010 0.000010 0.000010
0.162579 0.175582 0.258662 0.091848 0.000010 0.181990 0.129328
0.183110 0.107611 0.161978 0.119570 0.000010 0.117073 0.310647
0.000010 0.395954 0.000010 0.145962 0.000010 0.250841 0.207214
0.000010 0.662665 0.000010 0.000010 0.000010 0.000010 0.337285
0.069484 0.297809 0.062124 0.252182 0.000333 0.266718 0.051351
0.000010 0.360411 0.111374 0.099945 0.000010 0.234443 0.193806
0.466854 0.000010 0.000010 0.533096 0.000010 0.000010 0.000010
0.000010 0.999940 0.000010 0.000010 0.000010 0.000010 0.000010
0.000010 0.431606 0.000010 0.099112 0.000010 0.469242 0.000010
0.000010 0.999940 0.000010 0.000010 0.000010 0.000010 0.000010
0.359090 0.000010 0.165020 0.120934 0.000010 0.175723 0.179214
0.060213 0.174312 0.307671 0.099706 0.020945 0.098329 0.238823
0.347800 0.098197 0.333776 0.145273 0.012977 0.061967 0.000010
0.009805 0.278705 0.118256 0.116624 0.000010 0.164847 0.311753
0.000010 0.560275 0.415890 0.023795 0.000010 0.000010 0.000010
0.030666 0.152941 0.242721 0.089376 0.060524 0.250540 0.173232
0.028960 0.211281 0.377707 0.084588 0.009040 0.029959 0.258465
0.078738 0.000010 0.000010 0.451884 0.000010 0.172038 0.297310
0.000010 0.377147 0.000010 0.246655 0.000010 0.000010 0.376158
0.067045 0.211471 0.155445 0.225849 0.000010 0.095137 0.245042
0.104182 0.270798 0.150588 0.474403 0.000010 0.000010 0.000010
0.109427 0.268171 0.086459 0.226836 0.000010 0.187529 0.121569
0.000010 0.000010 0.000010 0.000010 0.000010 0.999940 0.000010
0.086431 0.139554 0.000010 0.327671 0.000010 0.256081 0.190244
0.999940 0.000010 0.000010 0.000010 0.000010 0.000010 0.000010
0.000010 0.000010 0.999940 0.000010 0.000010 0.000010 0.000010
0.237041 0.321916 0.185854 0.025552 0.023244 0.206383 0.000010
0.999940 0.000010 0.000010 0.000010 0.000010 0.000010 0.000010
0.074990 0.000010 0.344796 0.316730 0.000010 0.143378 0.120086
0.045856 0.158160 0.260361 0.188003 0.004784 0.000010 0.342826
0.074913 0.166306 0.212424 0.186355 0.015186 0.041226 0.303589
0.736562 0.263388 0.000010 0.000010 0.000010 0.000010 0.000010
0.999940 0.000010 0.000010 0.000010 0.000010 0.000010 0.000010
0.000010 0.999940 0.000010 0.000010 0.000010 0.000010 0.000010
0.467828 0.239007 0.000010 0.111220 0.020387 0.161537 0.000010
0.026398 0.279550 0.145635 0.103024 0.000010 0.138937 0.306447
0.000010 0.999940 0.000010 0.000010 0.000010 0.000010 0.000010
0.076870 0.145344 0.174693 0.140740 0.000010 0.245218 0.217125
0.000010 0.283541 0.382804 0.030120 0.000010 0.303504 0.000010
0.122021 0.159668 0.123415 0.413079 0.000010 0.000010 0.181797
0.152641 0.000010 0.000010 0.000010 0.000010 0.000010 0.847309
0.790049 0.000010 0.000010 0.000010 0.000010 0.000010 0.209901
0.079935 0.197858 0.136664 0.258898 0.000010 0.119897 0.206739
0.100247 0.000010 0.174967 0.346742 0.000010 0.293160 0.084865
0.683396 0.000010 0.000010 0.000010 0.000010 0.316554 0.000010
0.000010 0.206175 0.169070 0.177291 0.005391 0.193286 0.248777
0.551111 0.246109 0.193529 0.000010 0.009221 0.000010 0.000010
0.000010 0.999940 0.000010 0.000010 0.000010 0.000010 0.000010
0.052381 0.538920 0.000010 0.124430 0.014796 0.000010 0.269453
0.000010 0.000010 0.000010 0.000010 0.000010 0.000010 0.999940
0.083112 0.119686 0.287870 0.213749 0.000010 0.295564 0.000010
0.055809 0.000010 0.000010 0.307277 0.007562 0.269159 0.360174
0.000010 0.206703 0.000010 0.135629 0.001739 0.222142 0.433768
0.000010 0.000010 0.000010 0.999940 0.000010 0.000010 0.000010
0.000010 0.000010 0.520410 0.131311 0.000010 0.000010 0.348240
0.049487 0.207703 0.154280 0.088221 0.000010 0.259144 0.241155
0.070835 0.196466 0.133362 0.210202 0.044176 0.184175 0.160783
0.057321 0.208192 0.221046 0.144211 0.019089 0.000010 0.350131
0.000010 0.288540 0.077373 0.067095 0.000010 0.335271 0.231701
0.000010 0.117787 0.127541 0.138490 0.001774 0.276271 0.338126
0.000010 0.363647 0.317222 0.064002 0.000010 0.255099 0.000010
0.032722 0.000010 0.378087 0.180298 0.025550 0.000010 0.383322
0.473087 0.097724 0.000010 0.076132 0.014368 0.106820 0.231859
0.020516 0.390148 0.140429 0.000010 0.011622 0.348684 0.088591
0.000010 0.000010 0.000010 0.213690 0.000010 0.786260 0.000010
0.037866 0.272318 0.270734 0.092777 0.056874 0.099092 0.170340
0.001115 0.572139 0.000010 0.147350 0.000010 0.279367 0.000010
0.101693 0.373002 0.310207 0.076550 0.000010 0.000010 0.138527
0.276707 0.153251 0.236659 0.114725 0.000010 0.098395 0.120252
0.053762 0.187470 0.224795 0.194959 0.000010 0.338995 0.000010
0.000010 0.398521 0.319648 0.027711 0.001113 0.252988 0.000010
0.043993 0.306139 0.000010 0.137619 0.000010 0.236948 0.275282
0.036474 0.263537 0.202271 0.114459 0.005514 0.103697 0.274048
0.011067 0.220951 0.205020 0.101538 0.009707 0.223728 0.227989
0.000010 0.000010 0.999940 0.000010 0.000010 0.000010 0.000010
0.058687 0.218734 0.264472 0.337109 0.001232 0.000010 0.119756
0.999934 0.000016 0.000010 0.000010 0.000010 0.000010 0.000010
0.000010 0.000010 0.000010 0.427603 0.000010 0.290513 0.281844
0.612760 0.000010 0.159198 0.137350 0.000010 0.000010 0.090662
0.005693 0.000010 0.250777 0.053255 0.030131 0.356264 0.303869
0.039601 0.296343 0.278806 0.019609 0.000010 0.003005 0.362626
0.040447 0.361979 0.186969 0.200525 0.006228 0.000010 0.203842
0.298951 0.000010 0.384699 0.005147 0.000010 0.154702 0.156481
0.999940 0.000010 0.000010 0.000010 0.000010 0.000010 0.000010
0.103680 0.202299 0.233880 0.097395 0.000010 0.204474 0.158262
0.002058 0.486971 0.236356 0.261656 0.012940 0.000010 0.000010
0.000010 0.237525 0.115468 0.118926 0.024569 0.235102 0.268400
0.000010 0.499764 0.264013 0.000010 0.000010 0.236183 0.000010
0.051763 0.091674 0.391511 0.246678 0.000010 0.000010 0.218355
0.000010 0.999940 0.000010 0.000010 0.000010 0.000010 0.000010
0.022165 0.281373 0.218038 0.145435 0.000010 0.068395 0.264584
0.030108 0.201555 0.257521 0.060240 0.014029 0.330088 0.106458
0.000010 0.000010 0.000010 0.000010 0.000010 0.283222 0.716728
0.000010 0.225571 0.330393 0.049490 0.000010 0.192148 0.202379
0.448413 0.000010 0.000010 0.000010 0.000010 0.000010 0.551537
0.097412 0.308753 0.000010 0.208444 0.009204 0.353074 0.023104
0.024558 0.183055 0.282617 0.052138 0.037947 0.144985 0.274699
0.048249 0.264715 0.071186 0.275995 0.011116 0.097317 0.231422
0.071450 0.158799 0.217574 0.104277 0.013678 0.000010 0.434212
0.000010 0.000010 0.000010 0.085123 0.000010 0.000010 0.914827
0.108599 0.437550 0.000010 0.453811 0.000010 0.000010 0.000010
0.000010 0.279874 0.232542 0.125753 0.000010 0.151411 0.210400
0.045671 0.085565 0.156666 0.135726 0.000010 0.311703 0.264659
0.144346 0.241400 0.000010 0.395648 0.006107 0.068150 0.144338
0.041493 0.164449 0.254558 0.134298 0.000010 0.108402 0.296790
0.000010 0.000010 0.000010 0.003925 0.000010 0.000010 0.996025
0.000010 0.000010 0.000010 0.000010 0.000010 0.999940 0.000010
0.672099 0.091144 0.000010 0.094291 0.000010 0.142436 0.000010
0.281499 0.000010 0.000010 0.000010 0.000010 0.000010 0.718451
0.056799 0.446362 0.000010 0.091539 0.000010 0.285350 0.119931
0.000010 0.148282 0.202144 0.118889 0.023462 0.174278 0.332934
0.024731 0.239954 0.143360 0.079576 0.007922 0.254671 0.249787
0.999940 0.000010 0.000010 0.000010 0.000010 0.000010 0.000010
0.000010 0.256017 0.000010 0.102849 0.015324 0.383062 0.242728
0.098297 0.172629 0.192577 0.259873 0.000010 0.073921 0.202693
0.421704 0.000010 0.098396 0.301244 0.027931 0.027443 0.123272
0.209281 0.236132 0.131634 0.142814 0.015684 0.101660 0.162795
0.027567 0.165743 0.152226 0.162986 0.000010 0.079087 0.412380
0.002426 0.261937 0.092801 0.218442 0.000010 0.177114 0.247270
0.071491 0.428406 0.000010 0.500062 0.000010 0.000010 0.000010
0.000010 0.312651 0.305034 0.037893 0.000377 0.344025 0.000010
0.000010 0.346997 0.214644 0.085675 0.028619 0.060619 0.263436
0.000010 0.000010 0.000010 0.096768 0.000010 0.617556 0.285636
0.124138 0.149467 0.214556 0.088944 0.000010 0.137047 0.285839
0.037752 0.270583 0.000010 0.118520 0.012125 0.374981 0.186029
0.322229 0.215540 0.294954 0.000010 0.000010 0.167247 0.000010
0.000010 0.000010 0.378312 0.046191 0.000010 0.000010 0.575457
0.092671 0.256408 0.059443 0.344361 0.024591 0.222516 0.000010
0.066973 0.423913 0.000010 0.323620 0.000010 0.185464 0.000010
0.000010 0.273341 0.000010 0.087202 0.029643 0.297685 0.312108
0.003770 0.113778 0.286343 0.087783 0.033055 0.269317 0.205954
0.111933 0.176210 0.106175 0.362116 0.000010 0.243546 0.000010
0.999940 0.000010 0.000010 0.000010 0.000010 0.000010 0.000010
0.000010 0.137272 0.151654 0.062389 0.032986 0.239736 0.375952
0.000010 0.287480 0.000010 0.123653 0.077699 0.188276 0.322873
0.007793 0.376725 0.225158 0.022820 0.047055 0.000010 0.320439
0.017115 0.000010 0.073771 0.133080 0.000010 0.362990 0.413024
0.000010 0.000010 0.000010 0.214271 0.000010 0.000010 0.785679
0.000010 0.446918 0.164863 0.000010 0.000010 0.000010 0.388179
0.413521 0.125428 0.100030 0.044765 0.006636 0.220483 0.089138
0.000010 0.000010 0.494234 0.008968 0.051144 0.445624 0.000010
0.297162 0.291361 0.000010 0.164409 0.000010 0.000010 0.247038
0.029550 0.100728 0.226944 0.156719 0.019258 0.169539 0.297261
0.163915 0.000010 0.000010 0.000010 0.000010 0.000010 0.836035
0.069180 0.132781 0.266465 0.194771 0.000010 0.220814 0.115979
0.132346 0.179572 0.314997 0.199617 0.000010 0.000010 0.173448
0.000010 0.000010 0.299991 0.197380 0.012571 0.133126 0.356912
0.070791 0.291901 0.306733 0.161525 0.005369 0.061936 0.101746
0.045104 0.371099 0.156720 0.145263 0.015526 0.096653 0.169634
0.023011 0.301123 0.189428 0.284181 0.001602 0.050068 0.150586
0.174843 0.235651 0.000010 0.187053 0.028529 0.178659 0.195256
0.008402 0.287373 0.229703 0.288226 0.000010 0.000010 0.186276
0.000010 0.000010 0.000010 0.000010 0.000010 0.999940 0.000010
0.540200 0.036462 0.000010 0.093257 0.013092 0.166517 0.150462
0.000010 0.253465 0.210325 0.000010 0.000010 0.000010 0.536170
0.999940 0.000010 0.000010 0.000010 0.000010 0.000010 0.000010
0.062780 0.000010 0.000010 0.937170 0.000010 0.000010 0.000010
0.000010 0.000010 0.932615 0.067335 0.000010 0.000010 0.000010
0.000010 0.070905 0.311592 0.147952 0.027464 0.124571 0.317505
0.056393 0.189417 0.228344 0.135768 0.028740 0.093144 0.268195
0.000010 0.000010 0.999940 0.000010 0.000010 0.000010 0.000010
0.092643 0.253787 0.236001 0.132039 0.020431 0.154056 0.111042
0.000010 0.000010 0.000010 0.999940 0.000010 0.000010 0.000010
0.024537 0.292695 0.258799 0.063954 0.000010 0.151974 0.208031
0.344834 0.000010 0.000010 0.184437 0.000010 0.470689 0.000010
0.000010 0.516926 0.000010 0.135403 0.020627 0.327013 0.000010
0.728934 0.271016 0.000010 0.000010 0.000010 0.000010 0.000010
0.109150 0.075423 0.265617 0.356048 0.000010 0.043128 0.150623
0.065734 0.103021 0.219492 0.168357 0.018469 0.295856 0.129072
0.237051 0.000010 0.091353 0.361833 0.000010 0.136833 0.172911
0.083377 0.063508 0.131435 0.142645 0.022268 0.241804 0.314962
0.349805 0.094773 0.216743 0.065755 0.000010 0.272903 0.000010
0.046210 0.297934 0.000010 0.319983 0.000010 0.000010 0.335843
0.070473 0.220297 0.151731 0.259429 0.000010 0.298050 0.000010
0.082381 0.069551 0.320772 0.351407 0.019544 0.073395 0.082950
0.110676 0.244687 0.000010 0.327163 0.000010 0.000010 0.317443
0.042989 0.235431 0.001052 0.082446 0.007190 0.285046 0.345847
0.070174 0.414537 0.000010 0.515250 0.000010 0.000010 0.000010
0.000010 0.198883 0.171453 0.030130 0.012665 0.090151 0.496709
0.086167 0.297293 0.100973 0.160952 0.030518 0.132611 0.191487
0.013810 0.344281 0.106100 0.151859 0.050455 0.000010 0.333484
0.000010 0.306504 0.164797 0.144002 0.000010 0.207441 0.177236
0.065742 0.206307 0.162309 0.023549 0.000010 0.163842 0.378240
0.010126 0.232441 0.303247 0.079308 0.037662 0.199214 0.138002
0.000010 0.000010 0.000010 0.191793 0.000010 0.000010 0.808157
0.097133 0.488623 0.000010 0.255429 0.001493 0.157302 0.000010
0.114878 0.215968 0.108733 0.388682 0.000010 0.000010 0.171719
0.105018 0.000010 0.019786 0.458637 0.000010 0.138060 0.278479
0.800968 0.000010 0.000010 0.000010 0.000010 0.198982 0.000010
0.051667 0.247756 0.326181 0.133376 0.000010 0.000010 0.241000
0.468674 0.000010 0.000010 0.531276 0.000010 0.000010 0.000010
0.000010 0.488343 0.000010 0.063930 0.000010 0.447687 0.000010
0.000010 0.000010 0.000010 0.065886 0.000010 0.934064 0.000010
0.000010 0.320719 0.304315 0.096871 0.005267 0.000010 0.272807
0.018764 0.213522 0.000010 0.165406 0.000010 0.248827 0.353460
0.034755 0.155876 0.144599 0.150059 0.000010 0.187335 0.327366
0.038277 0.334944 0.200974 0.112386 0.000010 0.000010 0.313399
0.000010 0.000010 0.000010 0.000010 0.000010 0.999940 0.000010
0.000010 0.000010 0.000010 0.000010 0.000010 0.999940 0.000010
0.072612 0.204260 0.000010 0.204509 0.000010 0.198683 0.319917
0.040573 0.222873 0.253901 0.168534 0.002643 0.000010 0.311466
0.000010 0.000010 0.000010 0.194320 0.000010 0.805630 0.000010
0.029659 0.000010 0.579684 0.000010 0.022593 0.268326 0.099718
0.000010 0.000010 0.000010 0.092681 0.000010 0.000010 0.907269
0.000010 0.566026 0.000010 0.000010 0.007387 0.166070 0.260487
0.242228 0.339910 0.289056 0.000010 0.018832 0.109954 0.000010
0.999940 0.000010 0.000010 0.000010 0.000010 0.000010 0.000010
0.000010 0.000010 0.000010 0.999940 0.000010 0.000010 0.000010
0.000010 0.338574 0.000010 0.094851 0.002100 0.564446 0.000010
0.000010 0.555374 0.367151 0.069085 0.008360 0.000010 0.000010
0.000010 0.000010 0.000010 0.999940 0.000010 0.000010 0.000010
0.259621 0.000010 0.215846 0.078011 0.009909 0.292568 0.144034
0.000010 0.000010 0.000010 0.142307 0.000010 0.544970 0.312683
0.037182 0.312348 0.282027 0.121843 0.005326 0.116300 0.124975
0.000010 0.344380 0.000010 0.170134 0.043750 0.207744 0.233972
0.159391 0.104763 0.286378 0.449439 0.000010 0.000010 0.000010
0.887614 0.000010 0.000010 0.000010 0.000010 0.000010 0.112336
0.000010 0.330365 0.408536 0.000010 0.000010 0.165269 0.095800
0.047774 0.149176 0.310778 0.105903 0.039072 0.246315 0.100983
0.038539 0.231032 0.064269 0.142314 0.000010 0.329679 0.194157
0.108431 0.445094 0.188727 0.026409 0.001129 0.000010 0.230200
0.000010 0.306831 0.000010 0.160324 0.000010 0.000010 0.532804
0.000010 0.000010 0.952747 0.047203 0.000010 0.000010 0.000010
0.483746 0.320396 0.000010 0.075390 0.000010 0.000010 0.120439
0.000010 0.000010 0.999940 0.000010 0.000010 0.000010 0.000010
0.000010 0.000010 0.000010 0.000010 0.000010 0.999940 0.000010
0.157567 0.000010 0.220626 0.000010 0.012487 0.000010 0.609291
0.866410 0.000010 0.000010 0.000010 0.000010 0.133540 0.000010
0.000010 0.345662 0.193928 0.084355 0.013342 0.263574 0.099130
0.000010 0.000010 0.375100 0.231001 0.000019 0.000010 0.393850
0.999940 0.000010 0.000010 0.000010 0.000010 0.000010 0.000010
0.999940 0.000010 0.000010 0.000010 0.000010 0.000010 0.000010
0.194503 0.000010 0.000010 0.000010 0.000010 0.000010 0.805447
0.032683 0.256546 0.168439 0.162135 0.007446 0.075996 0.296754
0.000010 0.000010 0.000010 0.548661 0.000010 0.451289 0.000010
0.000010 0.451547 0.000010 0.000010 0.000010 0.548403 0.000010
0.000010 0.999940 0.000010 0.000010 0.000010 0.000010 0.000010
0.085333 0.054155 0.296297 0.221090 0.000010 0.000010 0.343104
0.000010 0.266223 0.287242 0.092244 0.025871 0.163381 0.165030
0.032704 0.386525 0.251850 0.138653 0.031692 0.032320 0.126255
0.000010 0.000010 0.000010 0.000010 0.000010 0.999940 0.000010
0.000010 0.000010 0.994605 0.005345 0.000010 0.000010 0.000010
0.061686 0.309195 0.000010 0.104188 0.000010 0.153635 0.371275
0.033829 0.077761 0.194040 0.137665 0.004510 0.272419 0.279776
0.999940 0.000010 0.000010 0.000010 0.000010 0.000010 0.000010
0.999940 0.000010 0.000010 0.000010 0.000010 0.000010 0.000010
0.127074 0.221130 0.177232 0.238575 0.014902 0.000010 0.221077
0.999940 0.000010 0.000010 0.000010 0.000010 0.000010 0.000010
0.128988 0.188121 0.196782 0.106604 0.014304 0.199994 0.165208
0.254617 0.264598 0.000010 0.212270 0.000010 0.226492 0.042003
0.000010 0.000010 0.000010 0.192163 0.000010 0.000010 0.807787
0.000010 0.913321 0.000010 0.086629 0.000010 0.000010 0.000010
0.527692 0.000010 0.000010 0.129138 0.000010 0.059007 0.284133
0.017025 0.273515 0.000010 0.223234 0.000010 0.164687 0.321519
0.097860 0.488440 0.000010 0.413660 0.000010 0.000010 0.000010
0.999930 0.000010 0.000010 0.000020 0.000010 0.000010 0.000010
0.048474 0.181524 0.248457 0.118283 0.000010 0.251391 0.151861
0.029488 0.548751 0.000010 0.187632 0.007846 0.226264 0.000010
0.000010 0.000010 0.999940 0.000010 0.000010 0.000010 0.000010
0.000010 0.478329 0.000010 0.035304 0.000017 0.000010 0.486320
0.000010 0.000010 0.999940 0.000010 0.000010 0.000010 0.000010
0.060826 0.384419 0.115108 0.260336 0.000010 0.000010 0.179292
0.061188 0.240109 0.204256 0.089525 0.006871 0.257891 0.140159
0.000010 0.000010 0.000010 0.000010 0.000010 0.999940 0.000010
0.121753 0.206960 0.067942 0.457385 0.000010 0.076370 0.069580
0.000010 0.000010 0.000010 0.140445 0.000010 0.341651 0.517865
0.039723 0.311900 0.179709 0.114162 0.000010 0.000010 0.354487
0.000010 0.000010 0.441086 0.000010 0.000010 0.000010 0.558864
0.000010 0.373153 0.000010 0.176757 0.000010 0.450050 0.000010
0.000010 0.000010 0.000010 0.003240 0.000010 0.000010 0.996710
0.000010 0.000010 0.336020 0.067792 0.000012 0.000010 0.596146
0.029885 0.275195 0.213811 0.134881 0.000010 0.126769 0.219448
0.000010 0.000010 0.000010 0.000010 0.000010 0.999940 0.000010
0.705068 0.250470 0.000010 0.044422 0.000010 0.000010 0.000010
0.037295 0.510619 0.000010 0.128619 0.000010 0.000010 0.323437
0.043106 0.313078 0.000010 0.155398 0.000010 0.253248 0.235150
0.565398 0.000010 0.145584 0.000010 0.000010 0.288979 0.000010
0.054372 0.199638 0.120742 0.117795 0.000010 0.182703 0.324740
0.041919 0.279919 0.249400 0.083754 0.000010 0.220073 0.124924
0.059910 0.118066 0.339959 0.247220 0.000010 0.234826 0.000010
0.000010 0.378183 0.185321 0.040238 0.000010 0.325300 0.070938
0.020138 0.154632 0.013724 0.269891 0.000010 0.244262 0.297343
0.795361 0.000010 0.000010 0.000010 0.000010 0.000010 0.204589
0.083107 0.471383 0.000010 0.439323 0.006157 0.000010 0.000010
0.999940 0.000010 0.000010 0.000010 0.000010 0.000010 0.000010
0.064280 0.190194 0.177909 0.165706 0.022290 0.000010 0.379610
0.089991 0.115441 0.122814 0.292510 0.000010 0.279591 0.099643
0.101225 0.669569 0.226338 0.000010 0.002838 0.000010 0.000010
0.153226 0.000010 0.324489 0.096262 0.000010 0.121680 0.304323
0.000010 0.000010 0.000010 0.999940 0.000010 0.000010 0.000010
0.555988 0.016352 0.215991 0.211639 0.000010 0.000010 0.000010
0.000010 0.644823 0.355127 0.000010 0.000010 0.000010 0.000010
0.037276 0.055839 0.188268 0.185569 0.003410 0.253298 0.276341
0.489322 0.000010 0.211203 0.039353 0.000010 0.260093 0.000010
0.196217 0.000010 0.350969 0.154862 0.002484 0.295448 0.000010
0.014040 0.266445 0.198949 0.109564 0.017956 0.163871 0.229174
0.315844 0.352183 0.000010 0.107125 0.011242 0.213587 0.000010
0.051610 0.203441 0.397283 0.035697 0.004230 0.090986 0.216754
0.999940 0.000010 0.000010 0.000010 0.000010 0.000010 0.000010
0.298356 0.290141 0.000010 0.027000 0.000010 0.218127 0.166356
0.064284 0.241796 0.142142 0.145318 0.001628 0.101759 0.303073
0.000010 0.226021 0.000010 0.069834 0.000010 0.409159 0.294955
0.000010 0.000010 0.876690 0.123260 0.000010 0.000010 0.000010
0.424084 0.000010 0.000010 0.000010 0.000010 0.000010 0.575866
0.022329 0.282764 0.031411 0.112384 0.000010 0.310826 0.240275
0.018959 0.278306 0.127162 0.072362 0.000010 0.043389 0.459812
0.000010 0.000010 0.000010 0.000010 0.000010 0.999940 0.000010
0.019688 0.066924 0.296495 0.119854 0.007680 0.182251 0.307108
0.000010 0.218619 0.236412 0.143306 0.000010 0.283205 0.118438
0.035500 0.000010 0.000010 0.308963 0.000010 0.421908 0.233598
0.000521 0.435375 0.143695 0.082225 0.000010 0.338165 0.000010
0.000010 0.000010 0.000010 0.204016 0.000010 0.795934 0.000010
0.000010 0.331903 0.000010 0.074135 0.091070 0.166358 0.336515
0.000010 0.158508 0.136234 0.169567 0.000010 0.256265 0.279407
0.163500 0.319466 0.068439 0.309546 0.009626 0.000010 0.129413
0.001437 0.273674 0.000010 0.244794 0.000010 0.183615 0.296461
0.000010 0.000010 0.519616 0.115804 0.031722 0.332828 0.000010
0.021735 0.193511 0.217529 0.133903 0.019369 0.194508 0.219445
0.437116 0.000010 0.128269 0.069064 0.013620 0.096080 0.255840
0.019315 0.258227 0.236314 0.106871 0.038781 0.104378 0.236113
0.118612 0.213654 0.210379 0.135650 0.000010 0.022775 0.298920
0.150209 0.204475 0.062391 0.156173 0.000010 0.183974 0.242768
0.021807 0.000010 0.334126 0.157477 0.000010 0.188474 0.298097
0.000010 0.425230 0.122987 0.086361 0.023369 0.265124 0.076918
0.034002 0.212046 0.109190 0.127099 0.001230 0.178056 0.338377
0.000010 0.553360 0.000010 0.000010 0.000010 0.446590 0.000010
0.000270 0.265777 0.328320 0.000010 0.039919 0.257301 0.108404
0.667773 0.000010 0.160198 0.000010 0.000010 0.171989 0.000010
0.000010 0.000010 0.000010 0.204223 0.008794 0.000010 0.786943
0.104602 0.511790 0.000010 0.367161 0.016388 0.000010 0.000038
0.062650 0.301930 0.142952 0.295902 0.014877 0.000010 0.181680
0.057067 0.215336 0.029522 0.188394 0.011795 0.274756 0.223131
0.034980 0.279369 0.150048 0.061767 0.000010 0.169607 0.304219
0.000010 0.349623 0.000010 0.136780 0.000010 0.327551 0.186015
0.023369 0.234731 0.112238 0.131090 0.038236 0.182562 0.277773
0.031393 0.311812 0.000010 0.070955 0.000010 0.287134 0.298685
0.000010 0.000010 0.999940 0.000010 0.000010 0.000010 0.000010
0.000010 0.000010 0.000010 0.000010 0.000010 0.999940 0.000010
0.028862 0.260220 0.254927 0.066081 0.000010 0.245945 0.143955
0.013893 0.270708 0.180366 0.075856 0.036055 0.286686 0.136436
0.083725 0.000010 0.231874 0.253344 0.000010 0.282926 0.148111
0.088903 0.107276 0.091823 0.405011 0.000010 0.169038 0.137939
0.081057 0.104438 0.000010 0.325983 0.000010 0.349683 0.138819
0.056068 0.367020 0.079240 0.134157 0.003367 0.169194 0.190954
0.014162 0.617397 0.368401 0.000010 0.000010 0.000010 0.000010
0.000010 0.000010 0.245078 0.074334 0.000010 0.314137 0.366421
0.200526 0.077496 0.125555 0.111587 0.002245 0.096557 0.386034
0.000010 0.709088 0.000010 0.290862 0.000010 0.000010 0.000010
0.000010 0.311802 0.169311 0.076367 0.009177 0.183948 0.249385
0.101903 0.179766 0.176137 0.263685 0.000010 0.077273 0.201226
0.018491 0.282802 0.328160 0.132818 0.043997 0.129182 0.064549
0.095005 0.235892 0.000010 0.285024 0.000010 0.225308 0.158751
0.044174 0.263226 0.000010 0.203188 0.009418 0.106471 0.373513
0.000010 0.000010 0.137655 0.152874 0.000010 0.396372 0.313069
0.068068 0.145087 0.099348 0.279639 0.081496 0.228870 0.097493
0.025380 0.092528 0.211755 0.094629 0.043866 0.282531 0.249311
0.136667 0.000010 0.412222 0.451071 0.000010 0.000010 0.000010
0.073045 0.505975 0.000010 0.028835 0.002863 0.389262 0.000010
0.010561 0.176467 0.243918 0.105111 0.000010 0.154830 0.309104
0.000010 0.999940 0.000010 0.000010 0.000010 0.000010 0.000010
0.145839 0.000010 0.000010 0.524937 0.000010 0.000010 0.329184
0.134013 0.202708 0.054004 0.249669 0.020206 0.051513 0.287887
0.085456 0.000010 0.185395 0.194732 0.011358 0.036203 0.486846
0.069343 0.125642 0.283480 0.245480 0.000010 0.000010 0.276036
0.088604 0.346033 0.000010 0.135521 0.018494 0.206355 0.204983
0.000010 0.000010 0.999940 0.000010 0.000010 0.000010 0.000010
0.000010 0.677285 0.000010 0.322665 0.000010 0.000010 0.000010
0.103556 0.192039 0.426185 0.044545 0.006771 0.226895 0.000010
0.000010 0.000010 0.000010 0.000888 0.000010 0.999062 0.000010
0.000010 0.000010 0.000010 0.188254 0.000010 0.000010 0.811696
0.034717 0.090694 0.224032 0.096576 0.000010 0.259502 0.294469
0.053077 0.155861 0.359683 0.149229 0.000010 0.057041 0.225099
0.049362 0.093608 0.133478 0.375332 0.000010 0.223498 0.124712
0.054049 0.139094 0.000010 0.123958 0.026729 0.318903 0.337257
0.009001 0.163308 0.264472 0.089293 0.028551 0.180175 0.265200
0.219983 0.779967 0.000010 0.000010 0.000010 0.000010 0.000010
0.098165 0.000010 0.137940 0.430125 0.020555 0.000010 0.313195
0.023188 0.107438 0.220056 0.136434 0.000010 0.181630 0.331243
0.000010 0.000010 0.999940 0.000010 0.000010 0.000010 0.000010
0.355337 0.000010 0.150564 0.000010 0.000010 0.000010 0.494059
0.000010 0.000010 0.000010 0.000010 0.000010 0.999940 0.000010
0.000010 0.000010 0.964139 0.035811 0.000010 0.000010 0.000010
0.000010 0.441184 0.370458 0.103322 0.000010 0.000010 0.085006
0.065926 0.000010 0.275734 0.142964 0.000010 0.270618 0.244739
0.686781 0.000010 0.000010 0.104205 0.000010 0.000010 0.208974
0.063178 0.000010 0.290102 0.120958 0.000735 0.110485 0.414532
0.709722 0.000010 0.209560 0.080678 0.000010 0.000010 0.000010
0.086280 0.000010 0.641358 0.272322 0.000010 0.000010 0.000010
0.046969 0.000010 0.144979 0.300964 0.000010 0.336119 0.170949
0.000010 0.000010 0.395525 0.000010 0.000010 0.000010 0.604425
0.000010 0.000010 0.999940 0.000010 0.000010 0.000010 0.000010
0.167098 0.262980 0.000010 0.230068 0.000010 0.095355 0.244479
0.035502 0.385494 0.325195 0.000010 0.037984 0.215805 0.000010
0.000010 0.334612 0.149937 0.090928 0.000010 0.208737 0.215766
0.069298 0.217097 0.224561 0.120127 0.000010 0.000010 0.368897
0.034872 0.145871 0.281446 0.044321 0.002218 0.114631 0.376641
0.000010 0.479934 0.385889 0.073707 0.060440 0.000010 0.000010
0.065844 0.000010 0.238942 0.321328 0.000010 0.000010 0.373856
0.000010 0.297855 0.000010 0.150252 0.010452 0.276579 0.264841
0.000010 0.586453 0.376478 0.037029 0.000010 0.000010 0.000010
0.000010 0.000010 0.000010 0.000010 0.000010 0.000010 0.999940
0.033171 0.117086 0.177414 0.188250 0.000785 0.221304 0.261990
0.046890 0.268805 0.124253 0.272306 0.001577 0.214406 0.071762
0.000010 0.000010 0.000010 0.291970 0.000010 0.166630 0.541360
0.039447 0.203806 0.297621 0.111994 0.008558 0.156998 0.181576
0.000010 0.000010 0.000010 0.058737 0.000010 0.000010 0.941213
0.000010 0.000010 0.000010 0.000010 0.000010 0.999940 0.000010
0.000010 0.000010 0.887431 0.112519 0.000010 0.000010 0.000010
0.016592 0.371225 0.465239 0.000010 0.000010 0.123277 0.023648
0.112857 0.089033 0.164355 0.374030 0.000010 0.180679 0.079035
0.052308 0.163138 0.164080 0.288294 0.026330 0.165115 0.140736
0.000010 0.169733 0.306071 0.029371 0.004409 0.176813 0.313593
0.071459 0.371983 0.084051 0.229919 0.000010 0.242568 0.000010
0.055952 0.222956 0.083383 0.125722 0.011043 0.345957 0.154986
0.000010 0.000010 0.000010 0.113176 0.000010 0.000010 0.886774
0.000010 0.000010 0.496021 0.137796 0.000010 0.000010 0.366143
0.000010 0.000010 0.528739 0.183721 0.000010 0.000010 0.287500
0.037317 0.270943 0.115151 0.141965 0.044627 0.185860 0.204139
0.084719 0.303815 0.157803 0.198496 0.000010 0.255147 0.000010
0.111732 0.282204 0.217746 0.372651 0.000010 0.015647 0.000010
0.055955 0.355293 0.136009 0.214217 0.010324 0.000010 0.228191
0.061893 0.000010 0.627062 0.000010 0.000010 0.000010 0.311005
0.175269 0.000010 0.212853 0.068478 0.082774 0.301806 0.158809
0.000010 0.845803 0.000010 0.154147 0.000010 0.000010 0.000010
0.044408 0.301961 0.076154 0.181321 0.016890 0.110590 0.268676
0.000010 0.000010 0.999940 0.000010 0.000010 0.000010 0.000010
0.698678 0.000010 0.000010 0.000010 0.000010 0.000010 0.301272
0.071830 0.222336 0.319359 0.248338 0.000010 0.107467 0.030659
0.050298 0.000010 0.441946 0.140191 0.007464 0.076807 0.283285
0.000010 0.000010 0.000010 0.081818 0.000010 0.476481 0.441661
0.031211 0.254603 0.000010 0.236548 0.014393 0.225585 0.237650
0.007412 0.097503 0.313264 0.144823 0.000010 0.170516 0.266473
0.000010 0.000010 0.999940 0.000010 0.000010 0.000010 0.000010
0.009604 0.000010 0.384847 0.150317 0.004118 0.000010 0.451093
0.009628 0.431299 0.187843 0.039683 0.087057 0.115000 0.129491
0.564263 0.229829 0.000010 0.090947 0.000010 0.068957 0.045984
0.999940 0.000010 0.000010 0.000010 0.000010 0.000010 0.000010
0.001530 0.192570 0.115651 0.133390 0.000010 0.241556 0.315293
0.067425 0.275856 0.159272 0.220836 0.000010 0.167848 0.108752
0.141310 0.181721 0.300230 0.057594 0.030459 0.000010 0.288675
0.210344 0.167602 0.343563 0.089089 0.022340 0.101572 0.065489
0.026223 0.220246 0.099654 0.045702 0.000010 0.151973 0.456192
0.031798 0.000010 0.312751 0.035804 0.011734 0.229266 0.378636
0.000010 0.183383 0.420067 0.054026 0.000010 0.226665 0.115839
0.185473 0.302592 0.000010 0.064606 0.005891 0.179819 0.261609
0.040473 0.345242 0.280746 0.034703 0.000010 0.214494 0.084332
0.000010 0.104249 0.364114 0.117871 0.032938 0.109243 0.271575
0.000010 0.538287 0.000010 0.164896 0.000010 0.000010 0.296778
0.013669 0.270570 0.298802 0.044056 0.000010 0.200157 0.172736
0.000010 0.000010 0.999940 0.000010 0.000010 0.000010 0.000010
0.000010 0.000010 0.329572 0.264123 0.013158 0.000010 0.393116
0.000010 0.000010 0.420568 0.036348 0.019445 0.523609 0.000010
0.000010 0.000010 0.985507 0.014443 0.000010 0.000010 0.000010
0.029062 0.312750 0.099124 0.201780 0.024411 0.150886 0.181988
0.188732 0.161740 0.000010 0.008480 0.008906 0.209969 0.422162
0.000010 0.000010 0.900313 0.099637 0.000010 0.000010 0.000010
0.078686 0.316667 0.122895 0.241996 0.017139 0.085590 0.137028
0.171581 0.149614 0.000010 0.102822 0.006656 0.213620 0.355697
0.000010 0.000010 0.999759 0.000191 0.000010 0.000010 0.000010
0.000010 0.343301 0.000010 0.083170 0.000010 0.212408 0.361091
0.088165 0.000010 0.235755 0.223961 0.000010 0.231842 0.220258
0.032105 0.370368 0.000010 0.000010 0.041701 0.502297 0.053508
0.514677 0.045077 0.121205 0.134385 0.000010 0.075358 0.109288
0.233379 0.253337 0.044975 0.062380 0.000010 0.115637 0.290282
0.000251 0.000010 0.370397 0.150611 0.018111 0.000010 0.460611
0.000307 0.436267 0.206335 0.041333 0.000010 0.254281 0.061468
0.241217 0.259593 0.267142 0.186969 0.011952 0.000010 0.033116
0.079345 0.000010 0.132053 0.163653 0.018123 0.250744 0.356072
0.000010 0.000010 0.999940 0.000010 0.000010 0.000010 0.000010
0.045444 0.000010 0.324100 0.036564 0.000010 0.220911 0.372961
0.000010 0.999935 0.000010 0.000015 0.000010 0.000010 0.000010
0.040330 0.341920 0.332754 0.020596 0.000010 0.167367 0.097023
0.000010 0.431605 0.272089 0.080695 0.029526 0.186066 0.000010
0.000010 0.999940 0.000010 0.000010 0.000010 0.000010 0.000010
0.146786 0.112495 0.079085 0.491559 0.000010 0.170055 0.000010
0.032168 0.335416 0.043548 0.260147 0.000010 0.226167 0.102545
0.002104 0.000010 0.326013 0.080093 0.000010 0.591760 0.000010
0.031749 0.183715 0.361595 0.048189 0.014602 0.360139 0.000010
0.492450 0.490719 0.000010 0.000010 0.016792 0.000010 0.000010
0.068069 0.223005 0.166140 0.294285 0.015478 0.000010 0.233012
0.626805 0.000010 0.351904 0.021251 0.000010 0.000010 0.000010
0.136838 0.138353 0.296846 0.085162 0.010573 0.245471 0.086757
0.414087 0.277392 0.119801 0.032892 0.000010 0.075279 0.080539
0.000010 0.000010 0.146973 0.356523 0.000010 0.251984 0.244490
0.032935 0.218701 0.252850 0.224255 0.000010 0.271239 0.000010
0.041916 0.227835 0.066753 0.206964 0.000010 0.167573 0.288949
0.486374 0.000010 0.000010 0.003857 0.000010 0.190394 0.319344
0.039795 0.253383 0.000010 0.270590 0.013245 0.189308 0.233669
0.057775 0.185410 0.000010 0.236532 0.000010 0.260729 0.259534
0.186980 0.299424 0.000010 0.513556 0.000010 0.000010 0.000010
0.000010 0.000010 0.999940 0.000010 0.000010 0.000010 0.000010
0.071332 0.394112 0.230179 0.147466 0.000010 0.000010 0.156892
0.102467 0.000010 0.399887 0.088507 0.016953 0.284466 0.107710
0.031856 0.471053 0.195443 0.023332 0.019344 0.160572 0.098400
0.008918 0.284823 0.148247 0.017454 0.000010 0.338558 0.201989
0.000010 0.813363 0.000010 0.186587 0.000010 0.000010 0.000010
0.032638 0.195883 0.286573 0.141730 0.019784 0.220705 0.102686
0.050164 0.209127 0.290163 0.130454 0.014069 0.182830 0.123193
0.169779 0.250364 0.036422 0.255720 0.000010 0.170398 0.117306
0.000010 0.228851 0.000010 0.053288 0.089421 0.257083 0.371336
0.000010 0.999940 0.000010 0.000010 0.000010 0.000010 0.000010
0.058391 0.175009 0.155743 0.067195 0.000010 0.204997 0.338655
0.036213 0.302096 0.112194 0.189302 0.012312 0.169639 0.178243
0.053749 0.135476 0.162933 0.150137 0.000010 0.258660 0.239034
0.032040 0.194530 0.188335 0.022319 0.012228 0.271474 0.279074
0.661781 0.000010 0.198983 0.093837 0.003697 0.041682 0.000010
