0.000010 0.965440 0.000010 0.000010 0.034520 0.000010
0.381144 0.294789 0.273762 0.007746 0.042550 0.000010
0.312419 0.341463 0.186277 0.000010 0.159821 0.000010
0.387864 0.000010 0.283797 0.000010 0.232227 0.096093
0.000010 0.000010 0.000010 0.000010 0.000010 0.999950
0.000010 0.000010 0.666418 0.000010 0.000010 0.333542
0.512374 0.263446 0.215008 0.002662 0.000010 0.006501
0.498426 0.387021 0.000010 0.000010 0.114523 0.000010
0.453755 0.208669 0.000010 0.035064 0.244813 0.057690
0.419644 0.200560 0.190266 0.018186 0.171335 0.000010
0.447699 0.000010 0.000010 0.011027 0.053354 0.487900
0.993530 0.000010 0.000010 0.000010 0.000010 0.006430
0.275424 0.140819 0.229751 0.000010 0.285863 0.068132
0.333877 0.333864 0.135272 0.000010 0.156038 0.040940
0.133519 0.297984 0.480713 0.024217 0.055402 0.008165
0.289005 0.270730 0.263028 0.007310 0.142803 0.027125
0.658964 0.000010 0.000010 0.000010 0.263353 0.077654
0.420114 0.168091 0.161559 0.002332 0.184207 0.063697
0.000010 0.514392 0.377268 0.000010 0.108310 0.000010
0.290295 0.169915 0.280567 0.021383 0.182008 0.055832
0.285710 0.204767 0.356602 0.049295 0.103616 0.000010
0.199494 0.281136 0.495024 0.011502 0.000010 0.012835
0.000010 0.299268 0.462067 0.018955 0.137857 0.081843
0.292785 0.273338 0.272811 0.019682 0.057556 0.083828
0.467185 0.342156 0.000010 0.000010 0.113178 0.077461
0.209075 0.201596 0.388011 0.000010 0.133880 0.067427
0.196011 0.313188 0.435554 0.008400 0.000010 0.046837
0.076658 0.000010 0.195336 0.000010 0.000010 0.727976
0.273927 0.292506 0.280647 0.000010 0.109315 0.043595
0.527917 0.000010 0.016084 0.000010 0.000010 0.455969
0.000010 0.000010 0.169832 0.000010 0.039974 0.790164
0.000010 0.279806 0.286128 0.015432 0.128612 0.290012
0.000010 0.670556 0.278469 0.000010 0.050945 0.000010
0.287311 0.000010 0.638555 0.000010 0.074104 0.000010
0.000010 0.999950 0.000010 0.000010 0.000010 0.000010
0.324475 0.356562 0.238606 0.000010 0.080337 0.000010
0.000010 0.000010 0.000010 0.000010 0.000010 0.999950
0.000010 0.000010 0.000010 0.000010 0.000010 0.999950
0.000010 0.755737 0.000010 0.000010 0.244223 0.000010
0.000010 0.000010 0.000010 0.999950 0.000010 0.000010
0.203455 0.209286 0.440592 0.036520 0.079761 0.030386
0.407590 0.322395 0.215036 0.002021 0.035974 0.016984
0.401389 0.268058 0.307221 0.000010 0.023312 0.000010
0.233844 0.052596 0.177344 0.000010 0.023594 0.512612
0.188050 0.228986 0.316742 0.000010 0.031953 0.234259
0.398157 0.110783 0.458251 0.001614 0.031185 0.000010
0.381243 0.000010 0.233551 0.011851 0.281245 0.092100
0.857763 0.000010 0.000010 0.000010 0.142197 0.000010
0.295842 0.210412 0.279256 0.000010 0.183114 0.031367
0.000010 0.999950 0.000010 0.000010 0.000010 0.000010
0.240836 0.128955 0.422754 0.017117 0.063945 0.126392
0.410385 0.137383 0.250231 0.003220 0.153858 0.044923
0.462299 0.087671 0.103434 0.023675 0.279070 0.043851
0.838725 0.000010 0.000010 0.000010 0.161235 0.000010
0.000010 0.282823 0.564991 0.038184 0.113982 0.000010
0.222215 0.172274 0.416965 0.014068 0.151760 0.022719
0.449349 0.077490 0.215806 0.058610 0.198736 0.000010
0.000010 0.288403 0.537688 0.000010 0.173878 0.000010
0.203593 0.391198 0.288554 0.016519 0.100125 0.000010
0.421723 0.000010 0.335257 0.000010 0.157674 0.085326
0.371793 0.000010 0.354231 0.009502 0.180810 0.083654
0.492335 0.087502 0.225703 0.011835 0.039639 0.142985
0.000010 0.000010 0.701296 0.000010 0.279832 0.018843
0.290524 0.109745 0.426545 0.004735 0.167732 0.000720
0.000010 0.000010 0.000010 0.000010 0.008755 0.991205
0.000010 0.307177 0.525384 0.000010 0.167410 0.000010
0.068041 0.225606 0.307352 0.012911 0.127867 0.258222
0.522622 0.000010 0.333915 0.005356 0.138087 0.000010
0.000010 0.000010 0.000010 0.999950 0.000010 0.000010
0.164167 0.429255 0.327860 0.045150 0.033558 0.000010
0.000010 0.999950 0.000010 0.000010 0.000010 0.000010
0.286938 0.134610 0.384222 0.000010 0.181998 0.012220
0.456808 0.242543 0.000010 0.000010 0.300619 0.000010
0.267361 0.087029 0.452426 0.000010 0.000010 0.193163
0.336944 0.275246 0.214219 0.026878 0.146702 0.000010
0.000010 0.999950 0.000010 0.000010 0.000010 0.000010
0.208035 0.290442 0.357745 0.000010 0.101294 0.042475
0.000010 0.400556 0.599404 0.000010 0.000010 0.000010
0.056863 0.219965 0.497127 0.010787 0.115412 0.099847
0.160156 0.176770 0.398823 0.030075 0.096817 0.137359
0.000010 0.000010 0.731341 0.000010 0.162631 0.105998
0.674101 0.223841 0.000010 0.021992 0.080046 0.000010
0.000010 0.000010 0.968072 0.000010 0.031888 0.000010
0.000010 0.000010 0.956730 0.000010 0.043230 0.000010
0.000010 0.394384 0.442549 0.012638 0.106054 0.044365
0.154810 0.320773 0.481768 0.042629 0.000010 0.000010
0.395975 0.210132 0.154594 0.026016 0.164693 0.048590
0.150252 0.300390 0.431161 0.018084 0.095222 0.004891
0.159734 0.343758 0.264322 0.009686 0.132864 0.089636
0.347189 0.193648 0.292992 0.028459 0.101057 0.036654
0.081892 0.451646 0.311897 0.000010 0.109964 0.044590
0.318700 0.507176 0.158579 0.015524 0.000010 0.000010
0.148745 0.200446 0.461266 0.020318 0.125973 0.043253
0.333534 0.351313 0.259736 0.000010 0.055397 0.000010
0.000010 0.000010 0.919543 0.000010 0.080417 0.000010
0.000018 0.328356 0.183863 0.000010 0.063369 0.424384
0.290392 0.158025 0.317019 0.000010 0.197011 0.037542
0.325592 0.332035 0.286852 0.037652 0.000010 0.017859
0.483789 0.061759 0.130037 0.045129 0.251389 0.027897
0.000010 0.000010 0.000010 0.000010 0.000010 0.999950
0.000010 0.999950 0.000010 0.000010 0.000010 0.000010
0.000010 0.381953 0.618007 0.000010 0.000010 0.000010
0.179828 0.305342 0.359300 0.000460 0.111649 0.043421
0.314202 0.223515 0.317212 0.098280 0.046363 0.000430
0.211291 0.401245 0.314204 0.000010 0.054839 0.018410
0.000010 0.961924 0.000010 0.000010 0.038036 0.000010
0.940358 0.000010 0.000010 0.000010 0.059602 0.000010
0.000010 0.000010 0.000010 0.000010 0.000010 0.999950
0.455821 0.000010 0.410886 0.036450 0.096824 0.000010
0.000010 0.000010 0.000010 0.000010 0.000010 0.999950
0.000010 0.000010 0.000010 0.000010 0.999950 0.000010
0.000010 0.999950 0.000010 0.000010 0.000010 0.000010
0.403756 0.576717 0.000010 0.014464 0.005043 0.000010
0.334719 0.000010 0.242952 0.000010 0.339537 0.082772
0.101686 0.354829 0.340538 0.063746 0.139191 0.000010
0.133470 0.339536 0.279210 0.103670 0.051823 0.092292
0.999950 0.000010 0.000010 0.000010 0.000010 0.000010
0.465581 0.146315 0.206557 0.000010 0.150537 0.030999
0.447925 0.286916 0.093293 0.000010 0.114801 0.057056
0.251459 0.000010 0.532323 0.022075 0.127650 0.066483
0.303829 0.318933 0.314064 0.000010 0.063154 0.000010
0.000010 0.727395 0.000010 0.000010 0.272565 0.000010
0.136863 0.368843 0.338924 0.013239 0.135140 0.006991
0.000010 0.290861 0.469702 0.029356 0.158672 0.051399
0.468687 0.000010 0.387281 0.000010 0.091317 0.052694
0.227989 0.283044 0.338241 0.000010 0.098229 0.052487
0.000010 0.987419 0.000010 0.000010 0.012541 0.000010
0.186246 0.234565 0.404856 0.001099 0.128230 0.045004
0.231593 0.233530 0.283225 0.000010 0.093982 0.157660
0.284497 0.203558 0.293178 0.000010 0.052450 0.166307
0.398153 0.147984 0.343836 0.000010 0.110008 0.000010
0.230582 0.286128 0.479806 0.000010 0.003464 0.000010
0.184962 0.223580 0.242823 0.006030 0.269776 0.072830
0.305307 0.087439 0.463559 0.018310 0.125375 0.000010
0.000010 0.000010 0.000010 0.000010 0.530753 0.469207
0.171205 0.081926 0.516800 0.039897 0.112227 0.077945
0.346209 0.208172 0.307464 0.010462 0.127683 0.000010
0.403566 0.000010 0.433195 0.016411 0.087315 0.059504
0.214543 0.222730 0.135829 0.000010 0.071456 0.355432
0.227121 0.188950 0.394489 0.014491 0.107792 0.067156
0.303813 0.281238 0.000010 0.006889 0.084022 0.324028
0.127084 0.355431 0.398682 0.000010 0.115319 0.003475
0.272679 0.308845 0.302665 0.000010 0.091710 0.024091
0.299069 0.253765 0.306903 0.059880 0.066220 0.014162
0.000010 0.465380 0.350632 0.000010 0.128383 0.055586
0.000010 0.657647 0.000010 0.000010 0.328265 0.014058
0.353524 0.176426 0.314932 0.000010 0.155097 0.000010
0.246805 0.370221 0.194170 0.000010 0.149009 0.039784
0.473927 0.162922 0.000010 0.000010 0.324734 0.038397
0.399954 0.021995 0.300302 0.000010 0.189891 0.087849
0.332410 0.209152 0.341048 0.004729 0.069912 0.042749
0.965132 0.000010 0.000010 0.000010 0.034828 0.000010
0.000010 0.000010 0.000010 0.000010 0.000010 0.999950
0.000010 0.999950 0.000010 0.000010 0.000010 0.000010
0.198237 0.236628 0.217051 0.018069 0.073893 0.256122
0.000010 0.000010 0.000010 0.000010 0.000010 0.999950
0.174226 0.546056 0.000010 0.000010 0.233721 0.045977
0.230418 0.063564 0.491099 0.005441 0.172065 0.037413
0.125155 0.443452 0.222969 0.006566 0.132032 0.069825
0.233323 0.000010 0.000010 0.000010 0.000010 0.766637
0.000010 0.000010 0.000010 0.000010 0.000010 0.999950
0.299237 0.078740 0.405016 0.024582 0.097949 0.094476
0.420790 0.171698 0.000010 0.000010 0.000010 0.407483
0.145879 0.341513 0.394718 0.000010 0.095840 0.022039
0.098330 0.142549 0.508908 0.024234 0.162988 0.062991
0.322312 0.118439 0.365062 0.006707 0.118819 0.068661
0.241086 0.347407 0.299067 0.000010 0.097798 0.014632
0.290382 0.310073 0.024982 0.000010 0.284404 0.090149
0.000010 0.000010 0.822677 0.000010 0.000010 0.177283
0.000010 0.000010 0.197698 0.000010 0.000010 0.802262
0.375389 0.120645 0.241873 0.000010 0.191860 0.070223
0.351497 0.146393 0.120745 0.022502 0.278991 0.079871
0.178212 0.000010 0.151241 0.000010 0.000010 0.670517
0.167074 0.206017 0.428135 0.002971 0.195793 0.000010
0.139586 0.200076 0.109461 0.006827 0.000010 0.544040
0.231866 0.359831 0.361905 0.000010 0.046379 0.000010
0.302776 0.183417 0.328195 0.023355 0.091890 0.070366
0.000010 0.234993 0.639066 0.000010 0.000010 0.125912
0.999950 0.000010 0.000010 0.000010 0.000010 0.000010
0.262297 0.000010 0.400044 0.017954 0.261712 0.057982
0.253299 0.275279 0.393241 0.005433 0.072738 0.000010
0.000010 0.000010 0.000010 0.000010 0.999950 0.000010
0.307088 0.210932 0.389873 0.000010 0.089040 0.003057
0.202553 0.224180 0.398169 0.017108 0.101914 0.056075
0.569146 0.000010 0.284084 0.024811 0.109410 0.012540
0.037029 0.231596 0.454988 0.000010 0.184388 0.091989
0.172775 0.142110 0.527792 0.000010 0.129683 0.027631
0.185994 0.340156 0.347486 0.008501 0.110260 0.007604
0.220249 0.345614 0.316265 0.000010 0.117853 0.000010
0.000010 0.352315 0.344723 0.048875 0.181578 0.072499
0.032928 0.172473 0.206613 0.014683 0.074594 0.498709
0.302663 0.382550 0.261695 0.027712 0.000010 0.025371
0.538294 0.000010 0.143974 0.105476 0.165246 0.047000
0.133139 0.426997 0.238165 0.073027 0.092066 0.036606
0.337855 0.070704 0.344404 0.017177 0.194317 0.035543
0.393669 0.339190 0.199213 0.000010 0.006304 0.061613
0.228480 0.367824 0.084191 0.000010 0.059642 0.259853
0.503660 0.213666 0.146887 0.003485 0.123422 0.008880
0.259184 0.224989 0.388726 0.002066 0.114951 0.010084
0.260296 0.000010 0.535744 0.000010 0.156334 0.047606
0.000010 0.404616 0.391554 0.004636 0.148411 0.050773
0.396776 0.000010 0.492232 0.014343 0.096629 0.000010
0.000010 0.482175 0.387542 0.000010 0.091541 0.038721
0.888004 0.000010 0.000010 0.000010 0.111956 0.000010
0.000010 0.000010 0.000010 0.000010 0.000010 0.999950
0.329335 0.000010 0.309648 0.000010 0.360988 0.000010
0.441312 0.000010 0.000010 0.000010 0.000010 0.558648
0.198071 0.318460 0.396861 0.029290 0.046032 0.011287
0.135369 0.164521 0.536998 0.008516 0.072386 0.082210
0.380542 0.111811 0.315096 0.008722 0.156162 0.027667
0.119164 0.225225 0.293137 0.000010 0.045779 0.316684
0.000010 0.000010 0.000010 0.000010 0.000010 0.999950
0.275705 0.153566 0.362797 0.000010 0.106461 0.101462
0.893393 0.000010 0.000010 0.000010 0.106567 0.000010
0.142999 0.290918 0.408372 0.024764 0.132937 0.000010
0.215284 0.323551 0.354580 0.000010 0.080753 0.025823
0.249641 0.223314 0.272990 0.000010 0.208509 0.045537
0.186701 0.300672 0.343185 0.022658 0.104725 0.042060
0.256841 0.082284 0.471845 0.000010 0.162682 0.026339
0.283441 0.274522 0.315039 0.019649 0.078395 0.028953
0.000010 0.375588 0.571562 0.003432 0.000010 0.049398
0.074242 0.243074 0.541997 0.000010 0.140667 0.000010
0.000010 0.000010 0.553077 0.000010 0.000010 0.446883
0.453330 0.000010 0.281415 0.014275 0.183147 0.067822
0.259559 0.254146 0.364308 0.031294 0.049671 0.041021
0.420394 0.000010 0.360748 0.000010 0.206735 0.012102
0.000010 0.395823 0.413074 0.000010 0.103480 0.087604
0.000010 0.000010 0.918124 0.000010 0.081836 0.000010
0.786480 0.000010 0.000010 0.000010 0.213480 0.000010
0.229032 0.155055 0.456774 0.000010 0.159120 0.000010
0.180302 0.325885 0.333102 0.000010 0.120344 0.040357
0.890239 0.000010 0.000010 0.000010 0.109721 0.000010
0.231784 0.248957 0.379489 0.000010 0.106839 0.032921
0.048033 0.000010 0.951927 0.000010 0.000010 0.000010
0.000010 0.961782 0.000010 0.000010 0.038178 0.000010
0.000010 0.225657 0.000010 0.000010 0.099525 0.674788
0.000010 0.000010 0.651988 0.000010 0.000010 0.347972
0.286517 0.000010 0.484833 0.000010 0.158450 0.070181
0.094964 0.291095 0.469666 0.000010 0.140306 0.003959
0.245038 0.382173 0.299645 0.014542 0.045592 0.013011
0.000010 0.000010 0.000010 0.000010 0.000010 0.999950
0.258537 0.269204 0.369854 0.006837 0.095559 0.000010
0.479276 0.000010 0.293028 0.000010 0.170583 0.057092
0.282365 0.090291 0.027917 0.021773 0.192575 0.385078
0.279653 0.140610 0.255230 0.031807 0.104099 0.188601
0.136078 0.259758 0.431120 0.000010 0.139961 0.033073
0.749132 0.233829 0.000010 0.000010 0.017009 0.000010
0.687163 0.000010 0.000010 0.000010 0.312797 0.000010
0.369913 0.161072 0.372981 0.000866 0.088593 0.006575
0.199486 0.218617 0.445273 0.034356 0.102257 0.000010
0.248364 0.322374 0.334100 0.000010 0.081689 0.013463
0.000010 0.912283 0.000010 0.000010 0.000010 0.087677
0.340245 0.340107 0.222569 0.028439 0.058408 0.010232
0.296466 0.161610 0.235658 0.000010 0.000010 0.306247
0.000010 0.437842 0.520313 0.000010 0.041815 0.000010
0.573945 0.150390 0.000010 0.021557 0.210843 0.043255
0.875260 0.000010 0.000010 0.000010 0.124700 0.000010
0.134948 0.426665 0.335301 0.019246 0.074119 0.009721
0.000010 0.559444 0.256193 0.044426 0.117408 0.022520
0.373106 0.284577 0.000010 0.004167 0.265192 0.072947
0.000010 0.000010 0.000010 0.000010 0.000010 0.999950
0.000010 0.290018 0.553361 0.036766 0.119835 0.000010
0.247351 0.000010 0.531626 0.086573 0.134431 0.000010
0.204300 0.140424 0.502948 0.062264 0.054755 0.035309
0.458649 0.275114 0.253129 0.013088 0.000010 0.000010
0.146231 0.189028 0.526134 0.000010 0.109202 0.029395
0.180574 0.362511 0.448721 0.001697 0.000010 0.006487
0.059889 0.300428 0.159018 0.000010 0.059218 0.421436
0.183295 0.307831 0.338958 0.054472 0.098970 0.016474
0.341639 0.089235 0.222955 0.005396 0.077075 0.263699
0.000010 0.532926 0.262117 0.002819 0.151589 0.050539
0.000010 0.000010 0.795902 0.000010 0.000010 0.204058
0.257409 0.185504 0.288748 0.000010 0.202050 0.066280
0.249363 0.249517 0.214740 0.000010 0.161675 0.124695
0.317759 0.000010 0.490800 0.017077 0.174343 0.000010
0.404040 0.104314 0.295608 0.006105 0.136018 0.053914
0.240768 0.396427 0.197712 0.006948 0.111660 0.046484
0.537749 0.000010 0.261493 0.000010 0.200728 0.000010
0.308752 0.000010 0.338386 0.033715 0.160982 0.158155
0.473021 0.384279 0.000010 0.011824 0.130856 0.000010
0.121643 0.366809 0.336579 0.000010 0.128438 0.046520
0.120745 0.059035 0.173759 0.021548 0.081330 0.543584
0.000010 0.000010 0.903194 0.000010 0.096766 0.000010
0.000010 0.000010 0.000010 0.000010 0.000010 0.999950
0.000010 0.000010 0.000010 0.000010 0.938427 0.061533
0.579216 0.262105 0.096703 0.061956 0.000010 0.000010
0.251038 0.051833 0.486186 0.058211 0.152723 0.000010
0.114991 0.211268 0.419164 0.031314 0.158601 0.064661
0.000010 0.992842 0.000010 0.000010 0.007118 0.000010
0.249989 0.232951 0.280807 0.000010 0.139936 0.096307
0.000010 0.000010 0.000010 0.000010 0.999950 0.000010
0.157506 0.513393 0.249813 0.001310 0.057551 0.020427
0.285039 0.000010 0.216418 0.000010 0.181365 0.317158
0.956252 0.000010 0.000010 0.043708 0.000010 0.000010
0.206133 0.000010 0.063410 0.000010 0.000010 0.730426
0.348196 0.130065 0.167678 0.000010 0.271951 0.082100
0.472702 0.464032 0.000010 0.040436 0.022810 0.000010
0.433037 0.000010 0.129873 0.002243 0.238130 0.196707
0.169275 0.293054 0.318710 0.017725 0.115511 0.085724
0.464855 0.183366 0.015584 0.013051 0.000010 0.323134
0.278291 0.000010 0.388032 0.000010 0.275333 0.058324
0.273694 0.505147 0.000010 0.000010 0.183116 0.038023
0.266349 0.225066 0.125445 0.029432 0.295318 0.058391
0.450962 0.000010 0.294723 0.000010 0.196876 0.057420
0.314502 0.000010 0.548767 0.024971 0.073690 0.038061
0.654161 0.000010 0.000010 0.000010 0.345799 0.000010
0.000010 0.308132 0.571090 0.011792 0.070625 0.038351
0.243865 0.114609 0.369028 0.021397 0.162721 0.088380
0.000010 0.963997 0.000010 0.000010 0.035963 0.000010
0.147936 0.295395 0.373725 0.000010 0.178661 0.004272
0.229742 0.254677 0.439671 0.000010 0.008974 0.066927
0.214754 0.185289 0.380608 0.055949 0.131845 0.031555
0.000010 0.000010 0.813196 0.000010 0.186764 0.000010
0.480961 0.033907 0.182739 0.003769 0.208437 0.090186
0.468042 0.081074 0.123226 0.011364 0.250517 0.065776
0.487212 0.000010 0.167040 0.023021 0.280541 0.042176
0.000010 0.097488 0.139158 0.000010 0.000010 0.763324
0.377628 0.000010 0.469094 0.000010 0.122641 0.030616
0.000010 0.000010 0.000010 0.000010 0.528385 0.471575
0.448437 0.142077 0.312017 0.010447 0.087012 0.000010
0.000010 0.893529 0.000010 0.000010 0.106431 0.000010
0.173864 0.154338 0.522853 0.010203 0.138732 0.000010
0.335527 0.000010 0.526508 0.000010 0.137935 0.000010
0.000010 0.000010 0.669528 0.000010 0.260696 0.069745
0.278428 0.197377 0.395931 0.000010 0.087590 0.040663
0.190793 0.428073 0.321672 0.000010 0.059442 0.000010
0.000010 0.999950 0.000010 0.000010 0.000010 0.000010
0.755627 0.000010 0.244333 0.000010 0.000010 0.000010
0.276759 0.265461 0.296678 0.010898 0.115760 0.034444
0.243052 0.353613 0.174563 0.006026 0.203723 0.019022
0.000010 0.386852 0.422437 0.058240 0.093204 0.039257
0.000010 0.247501 0.698639 0.004142 0.049699 0.000010
0.168829 0.115305 0.604736 0.011745 0.078216 0.021170
0.338029 0.095444 0.271927 0.032889 0.022277 0.239434
0.000010 0.000010 0.000010 0.000010 0.000010 0.999950
0.000010 0.000010 0.000010 0.000010 0.999950 0.000010
0.324938 0.172111 0.356740 0.004166 0.142036 0.000010
0.420717 0.204031 0.279501 0.013962 0.074532 0.007257
0.000010 0.000010 0.000010 0.000010 0.999950 0.000010
0.354765 0.000010 0.336727 0.030601 0.051663 0.226233
0.165696 0.352014 0.349482 0.000010 0.129911 0.002888
0.341610 0.324678 0.245898 0.004304 0.075079 0.008431
0.019823 0.356668 0.358207 0.058315 0.204901 0.002087
0.625569 0.000010 0.000010 0.000010 0.287838 0.086563
0.000010 0.000010 0.091094 0.000010 0.000010 0.908866
0.000010 0.589910 0.325253 0.000010 0.074713 0.010103
0.000010 0.938783 0.000010 0.000010 0.061177 0.000010
0.291718 0.192915 0.349551 0.000010 0.131060 0.034746
0.177344 0.338703 0.318680 0.008963 0.032710 0.123601
0.000010 0.000010 0.777909 0.000010 0.222051 0.000010
0.205414 0.289796 0.325045 0.000010 0.146786 0.032949
0.269978 0.000010 0.215368 0.000010 0.045412 0.469221
0.000010 0.981449 0.000010 0.000010 0.018511 0.000010
0.374734 0.399194 0.223660 0.000010 0.002392 0.000010
0.000010 0.000010 0.772808 0.003344 0.040914 0.182915
0.116590 0.000010 0.000010 0.000010 0.000010 0.883370
0.420690 0.000010 0.451919 0.020503 0.106869 0.000010
0.109076 0.356357 0.326890 0.017016 0.190651 0.000010
0.000010 0.000010 0.000010 0.000010 0.000010 0.999950
0.000010 0.000010 0.000010 0.000010 0.000010 0.999950
0.000010 0.000010 0.763938 0.000010 0.000010 0.236022
0.313411 0.108957 0.422368 0.010640 0.122683 0.021941
0.599207 0.000010 0.000010 0.000010 0.400753 0.000010
0.103245 0.358383 0.411376 0.003271 0.106593 0.017132
0.000010 0.000010 0.000010 0.999950 0.000010 0.000010
0.293324 0.101679 0.380895 0.000010 0.164874 0.059218
0.290967 0.370580 0.246760 0.018184 0.073499 0.000010
0.283257 0.348095 0.203016 0.023636 0.112750 0.029246
0.000010 0.000010 0.000010 0.999950 0.000010 0.000010
0.230714 0.197724 0.375442 0.033026 0.121446 0.041649
0.000010 0.278318 0.491620 0.000010 0.145505 0.084537
0.057147 0.400546 0.338571 0.000010 0.152700 0.051026
0.000010 0.000010 0.000010 0.000010 0.000010 0.999950
0.000010 0.000010 0.000010 0.000010 0.000010 0.999950
0.345546 0.018602 0.307552 0.026793 0.187438 0.114070
0.000010 0.000010 0.000010 0.000010 0.000010 0.999950
0.279554 0.167455 0.293653 0.035770 0.096891 0.126677
0.446294 0.168552 0.061906 0.000010 0.111864 0.211375
0.202244 0.136580 0.546546 0.008177 0.089389 0.017064
0.639840 0.000010 0.277007 0.019248 0.063885 0.000010
0.200086 0.125867 0.133235 0.000010 0.039915 0.500888
0.500342 0.084955 0.304207 0.000010 0.110476 0.000010
0.367026 0.000010 0.202050 0.000010 0.363911 0.066992
0.000010 0.000010 0.000010 0.000010 0.000010 0.999950
0.000010 0.960689 0.000010 0.000010 0.039271 0.000010
0.346094 0.134293 0.257416 0.018014 0.197187 0.046995
0.000010 0.971645 0.000010 0.000010 0.028315 0.000010
0.167912 0.204685 0.578957 0.011683 0.036753 0.000010
0.307278 0.000010 0.554718 0.002286 0.116836 0.018872
0.528131 0.000010 0.268053 0.000010 0.172041 0.031755
0.244287 0.246011 0.328888 0.029768 0.095264 0.055781
0.245061 0.000010 0.656874 0.016528 0.081517 0.000010
0.764345 0.000010 0.000010 0.000010 0.235615 0.000010
0.351655 0.000010 0.565766 0.000010 0.082549 0.000010
0.000010 0.387499 0.429021 0.000010 0.136044 0.047417
0.000010 0.000010 0.909010 0.000010 0.090950 0.000010
0.328364 0.170786 0.284263 0.000010 0.209610 0.006966
0.000010 0.000010 0.984655 0.000010 0.015305 0.000010
0.000010 0.269663 0.639140 0.005640 0.085537 0.000010
0.205833 0.269110 0.362563 0.000010 0.137395 0.025088
0.276613 0.245942 0.234476 0.019448 0.095582 0.127940
0.295527 0.000010 0.000010 0.000010 0.000010 0.704433
0.437306 0.211494 0.304801 0.000010 0.030119 0.016269
0.312871 0.219975 0.303319 0.000010 0.120951 0.042873
0.262833 0.066544 0.103920 0.000010 0.000010 0.566683
0.000010 0.000010 0.721176 0.000010 0.223356 0.055438
0.331898 0.000010 0.485193 0.000010 0.134663 0.048226
0.543630 0.326292 0.000010 0.000010 0.128345 0.001712
0.221125 0.192663 0.444576 0.010751 0.116121 0.014764
0.413096 0.141107 0.267158 0.013081 0.165549 0.000010
0.000010 0.000010 0.153087 0.000010 0.000010 0.846873
0.776623 0.000010 0.000010 0.000010 0.223337 0.000010
0.000010 0.000010 0.000010 0.000010 0.000010 0.999950
0.307206 0.131926 0.350079 0.042169 0.101850 0.066770
0.394705 0.167616 0.165784 0.000010 0.213691 0.058194
0.455774 0.167678 0.261604 0.022415 0.000010 0.092519
0.375328 0.266381 0.228793 0.000010 0.000010 0.129478
0.000010 0.000010 0.000010 0.000010 0.999950 0.000010
0.233497 0.154699 0.000010 0.000010 0.124495 0.487289
0.268310 0.259222 0.389772 0.000010 0.082675 0.000010
0.284561 0.309153 0.259044 0.000010 0.122437 0.024795
0.076960 0.419745 0.000010 0.000010 0.023019 0.480255
0.247201 0.314155 0.098413 0.018395 0.138222 0.183614
0.220875 0.302821 0.333840 0.015175 0.103876 0.023413
0.397841 0.000010 0.189682 0.004033 0.095805 0.312629
0.108658 0.272701 0.430630 0.017628 0.094807 0.075576
0.000010 0.000010 0.000010 0.000010 0.000010 0.999950
0.309321 0.161243 0.230347 0.000010 0.000010 0.299069
0.235298 0.246124 0.348614 0.004525 0.107810 0.057628
0.000010 0.999950 0.000010 0.000010 0.000010 0.000010
0.365799 0.113685 0.317488 0.003197 0.162566 0.037266
0.000010 0.000010 0.555618 0.000010 0.000010 0.444342
0.225397 0.151957 0.432753 0.000010 0.143962 0.045920
0.234634 0.262675 0.460443 0.000010 0.025540 0.016698
0.247031 0.290844 0.345214 0.010989 0.046874 0.059048
0.209951 0.273774 0.376022 0.006830 0.104472 0.028951
0.449511 0.515406 0.000010 0.000010 0.035054 0.000010
0.311447 0.095248 0.279702 0.000010 0.256223 0.057370
0.373527 0.039849 0.388120 0.006739 0.155958 0.035807
0.143942 0.167248 0.326520 0.000010 0.287597 0.074683
0.274775 0.384942 0.252222 0.088041 0.000010 0.000010
0.178091 0.378177 0.273047 0.031672 0.139002 0.000010
0.406516 0.145506 0.115569 0.013122 0.199986 0.119300
0.414859 0.000010 0.393766 0.000010 0.191346 0.000010
0.344815 0.503640 0.000010 0.051910 0.077906 0.021718
0.000010 0.000010 0.637915 0.000010 0.281819 0.080236
0.000010 0.286324 0.194011 0.007237 0.061976 0.450443
0.172079 0.358196 0.314101 0.024256 0.105808 0.025560
0.357487 0.169987 0.310609 0.000010 0.060527 0.101380
0.206326 0.215899 0.305567 0.003372 0.129142 0.139694
0.126252 0.135781 0.493158 0.000010 0.200153 0.044646
0.265599 0.351363 0.257066 0.032191 0.093771 0.000010
0.238032 0.186444 0.420687 0.003895 0.110880 0.040062
0.163901 0.250829 0.458481 0.034677 0.092102 0.000010
0.179872 0.392265 0.326272 0.042974 0.041668 0.016950
0.000010 0.295657 0.000010 0.000010 0.014660 0.689653
0.235221 0.000010 0.564344 0.042112 0.111853 0.046460
0.515849 0.000010 0.117493 0.016654 0.271900 0.078094
0.541429 0.000010 0.250631 0.025941 0.171564 0.010425
0.306857 0.160887 0.322576 0.011968 0.154409 0.043303
0.205819 0.295264 0.404311 0.000010 0.057186 0.037410
0.247043 0.347230 0.271146 0.014925 0.119647 0.000010
0.150590 0.278877 0.362478 0.026938 0.137829 0.043288
0.000010 0.000010 0.761674 0.000010 0.197152 0.041144
0.999950 0.000010 0.000010 0.000010 0.000010 0.000010
0.000010 0.999950 0.000010 0.000010 0.000010 0.000010
0.553737 0.000010 0.417574 0.000010 0.028659 0.000010
0.225458 0.194840 0.383771 0.071978 0.109183 0.014771
0.586179 0.000010 0.201461 0.000010 0.153673 0.058667
0.508658 0.229415 0.000010 0.000010 0.233171 0.028736
0.554979 0.085974 0.136435 0.000010 0.191108 0.031494
0.395851 0.000010 0.418594 0.010847 0.126792 0.047906
0.293531 0.199626 0.386231 0.009767 0.077031 0.033814
0.059544 0.348688 0.486036 0.000826 0.104897 0.000010
0.104332 0.115179 0.451994 0.000010 0.115915 0.212569
0.880716 0.000010 0.000010 0.000010 0.119244 0.000010
0.223982 0.204999 0.456829 0.009782 0.100398 0.004011
0.357895 0.146821 0.232812 0.000784 0.188726 0.072963
0.302959 0.376296 0.161734 0.055304 0.100546 0.003160
0.412481 0.184210 0.154945 0.000010 0.181879 0.066475
0.261141 0.144656 0.379886 0.018415 0.152934 0.042968
0.213449 0.143534 0.477143 0.000010 0.161618 0.004246
0.262789 0.253918 0.126852 0.074986 0.227078 0.054378
0.336052 0.221359 0.330558 0.053173 0.051449 0.007409
0.428373 0.000018 0.105213 0.000010 0.367572 0.098813
0.356602 0.249311 0.229012 0.046582 0.035949 0.082544
0.000010 0.999950 0.000010 0.000010 0.000010 0.000010
0.388614 0.294398 0.275349 0.000010 0.041620 0.000010
0.405798 0.000010 0.146522 0.000010 0.341170 0.106489
0.208584 0.330147 0.172726 0.012715 0.158420 0.117407
0.000010 0.412506 0.334940 0.014873 0.144442 0.093229
0.999950 0.000010 0.000010 0.000010 0.000010 0.000010
0.191902 0.187519 0.356568 0.009409 0.151905 0.102697
0.999950 0.000010 0.000010 0.000010 0.000010 0.000010
0.843388 0.000010 0.000010 0.000010 0.156572 0.000010
0.428524 0.148038 0.274379 0.007093 0.051113 0.090853
0.205089 0.339134 0.361324 0.000010 0.094433 0.000010
0.139855 0.316342 0.464692 0.022229 0.056872 0.000010
0.263430 0.169343 0.445567 0.000010 0.092496 0.029154
0.321493 0.139549 0.380288 0.000010 0.122078 0.036583
0.527361 0.260777 0.000010 0.000010 0.211832 0.000010
0.387073 0.000010 0.472502 0.051980 0.067694 0.020741
0.225946 0.318383 0.336384 0.028244 0.076078 0.014966
0.378739 0.137364 0.230357 0.000010 0.013985 0.239545
0.514360 0.000010 0.153382 0.040395 0.243045 0.048809
0.000010 0.299330 0.457690 0.000010 0.185265 0.057695
0.249926 0.348842 0.268993 0.020055 0.075143 0.037041
0.143388 0.000010 0.481334 0.000010 0.000010 0.375249
0.127288 0.291894 0.423651 0.000010 0.107401 0.049755
0.208796 0.518441 0.136285 0.059026 0.077442 0.000010
0.266050 0.258072 0.335878 0.000010 0.135327 0.004663
0.119745 0.443732 0.238952 0.000010 0.126322 0.071239
0.235671 0.103376 0.000010 0.000010 0.000010 0.660922
0.000010 0.999950 0.000010 0.000010 0.000010 0.000010
0.242461 0.000010 0.000010 0.000010 0.047784 0.709725
0.222568 0.325764 0.122254 0.000010 0.252016 0.077388
0.335706 0.188979 0.203659 0.000010 0.237044 0.034602
0.000010 0.437607 0.550355 0.012008 0.000010 0.000010
0.000010 0.999950 0.000010 0.000010 0.000010 0.000010
0.345968 0.000010 0.324310 0.000010 0.173763 0.155940
0.144312 0.234453 0.407820 0.045933 0.104229 0.063253
0.156265 0.187471 0.480769 0.000010 0.154333 0.021152
0.000010 0.999950 0.000010 0.000010 0.000010 0.000010
0.000010 0.382598 0.454410 0.000010 0.091879 0.071093
0.000010 0.888708 0.000010 0.013589 0.097673 0.000010
0.241671 0.000010 0.426107 0.000010 0.276999 0.055203
0.337320 0.092709 0.424402 0.009586 0.135973 0.000010
0.186367 0.319402 0.366390 0.000010 0.127821 0.000010
0.000010 0.000010 0.917857 0.000010 0.000010 0.082103
0.000010 0.381696 0.357534 0.000010 0.219136 0.041613
0.303328 0.253408 0.182729 0.012436 0.224695 0.023402
0.000010 0.501665 0.293139 0.000010 0.205166 0.000010
0.236688 0.276075 0.331497 0.004398 0.113182 0.038160
0.000010 0.000010 0.938068 0.000010 0.061892 0.000010
0.269810 0.290486 0.314696 0.034703 0.076089 0.014216
0.188358 0.287617 0.213564 0.000010 0.205567 0.104885
0.281132 0.478307 0.234311 0.000010 0.000010 0.006230
0.336645 0.159567 0.123744 0.000010 0.299355 0.080679
0.349374 0.155928 0.191893 0.046810 0.224142 0.031853
0.000010 0.500002 0.431910 0.001263 0.066805 0.000010
0.999950 0.000010 0.000010 0.000010 0.000010 0.000010
0.345203 0.045843 0.390151 0.043337 0.125866 0.049601
0.000010 0.000010 0.887890 0.000010 0.112070 0.000010
0.277389 0.224259 0.377735 0.007982 0.101427 0.011208
0.211172 0.331767 0.307109 0.000010 0.149933 0.000010
0.515742 0.079475 0.298159 0.053697 0.052917 0.000010
0.999950 0.000010 0.000010 0.000010 0.000010 0.000010
0.544980 0.145261 0.000010 0.000010 0.240387 0.069352
0.358308 0.233600 0.222189 0.006111 0.136643 0.043151
0.000010 0.631651 0.300704 0.000010 0.000010 0.067615
0.146504 0.181308 0.322907 0.069989 0.096624 0.182668
0.220286 0.375592 0.211245 0.005214 0.171855 0.015808
0.428244 0.000010 0.409463 0.014236 0.124846 0.023201
0.000010 0.999950 0.000010 0.000010 0.000010 0.000010
0.000010 0.000010 0.282440 0.000010 0.000010 0.717520
0.394427 0.050611 0.242975 0.009431 0.235913 0.066645
0.208222 0.428976 0.235456 0.000010 0.086169 0.041167
0.381314 0.219546 0.383153 0.015967 0.000010 0.000010
0.493586 0.000010 0.348040 0.009254 0.149100 0.000010
0.000010 0.312078 0.462137 0.000010 0.207586 0.018179
0.238089 0.112849 0.463227 0.031340 0.124100 0.030395
0.000010 0.329153 0.449693 0.000010 0.170468 0.050665
0.231542 0.136090 0.414189 0.100715 0.091216 0.026248
0.289371 0.000010 0.109131 0.000010 0.051150 0.550327
0.000010 0.000010 0.000010 0.000010 0.000010 0.999950
0.115466 0.349281 0.402986 0.000010 0.131885 0.000372
0.389616 0.097747 0.272617 0.000010 0.188845 0.051166
0.187684 0.000010 0.513002 0.035269 0.100624 0.163411
0.307068 0.248200 0.153694 0.031724 0.060599 0.198715
0.000010 0.000010 0.855578 0.000010 0.144382 0.000010
0.000010 0.000010 0.797708 0.014222 0.152078 0.035972
0.101932 0.492326 0.306360 0.000010 0.099361 0.000010
0.102169 0.351016 0.286388 0.000010 0.061331 0.199086
0.323749 0.377840 0.251032 0.000010 0.022511 0.024859
0.000010 0.217678 0.527285 0.004762 0.213248 0.037016
0.353095 0.000010 0.474161 0.000010 0.153131 0.019593
0.151606 0.386654 0.352775 0.000010 0.080618 0.028336
0.036619 0.226175 0.523641 0.002404 0.159037 0.052123
0.154571 0.396160 0.235270 0.024613 0.186534 0.002852
0.215987 0.197987 0.379484 0.036571 0.142478 0.027493
0.386391 0.195289 0.312287 0.026181 0.076299 0.003553
0.190807 0.257045 0.301006 0.016056 0.200157 0.034928
0.000010 0.000010 0.684628 0.000010 0.090907 0.224436
0.000010 0.880585 0.000010 0.000010 0.119375 0.000010
0.334342 0.246417 0.167110 0.031654 0.167661 0.052816
0.150568 0.281175 0.302669 0.014127 0.068832 0.182629
0.290734 0.373840 0.251180 0.001727 0.079331 0.003188
0.168158 0.423122 0.357325 0.000010 0.051375 0.000010
0.317221 0.278087 0.176250 0.000010 0.149790 0.078642
0.086612 0.431670 0.303317 0.058015 0.062444 0.057941
0.264660 0.224159 0.000010 0.000010 0.035147 0.476014
0.206994 0.108671 0.396260 0.000010 0.056931 0.231135
0.113395 0.323106 0.378608 0.014509 0.127626 0.042756
0.297835 0.398487 0.240957 0.000010 0.054555 0.008156
0.089741 0.206384 0.191678 0.008814 0.234418 0.268965
0.273449 0.206545 0.329928 0.032207 0.095443 0.062428
0.000010 0.999950 0.000010 0.000010 0.000010 0.000010
0.172467 0.317171 0.432941 0.000010 0.029699 0.047712
0.305194 0.239103 0.284507 0.000010 0.091912 0.079275
0.222401 0.333155 0.340254 0.000010 0.057488 0.046692
0.340609 0.253613 0.285375 0.014678 0.105716 0.000010
0.183171 0.208666 0.497790 0.000010 0.110353 0.000010
0.582435 0.000010 0.000010 0.000010 0.339907 0.077628
0.000010 0.779832 0.000010 0.000010 0.220128 0.000010
0.224981 0.234897 0.314483 0.000010 0.169736 0.055893
0.375285 0.295937 0.237094 0.029374 0.050951 0.011360
0.201450 0.207126 0.094640 0.023629 0.000010 0.473144
0.310046 0.000010 0.373043 0.000010 0.262025 0.054866
0.211502 0.000010 0.106511 0.011876 0.037043 0.633058
0.131993 0.228569 0.344597 0.005719 0.142218 0.146904
0.220801 0.069565 0.260718 0.000010 0.041498 0.407408
0.000010 0.244117 0.366617 0.000010 0.389236 0.000010
0.329739 0.300969 0.135894 0.000010 0.206716 0.026672
0.363496 0.131593 0.339383 0.000010 0.139927 0.025590
0.000010 0.000010 0.426114 0.000010 0.056161 0.517694
0.282634 0.176677 0.281799 0.018569 0.215455 0.024867
0.290664 0.156129 0.304281 0.012997 0.187580 0.048350
0.561348 0.000010 0.000010 0.000010 0.339964 0.098659
0.229364 0.349061 0.294950 0.028390 0.093038 0.005197
0.335458 0.304631 0.208170 0.000010 0.093178 0.058553
0.315676 0.257209 0.225762 0.006537 0.082192 0.112624
0.144185 0.230299 0.431249 0.020609 0.113556 0.060103
0.263827 0.247472 0.426570 0.000010 0.043373 0.018748
0.267433 0.322355 0.200617 0.014343 0.195242 0.000010
0.443466 0.275818 0.172503 0.023925 0.078089 0.006199
0.381159 0.120406 0.322817 0.024702 0.115466 0.035451
0.354722 0.199680 0.130419 0.000010 0.173301 0.141868
0.000010 0.000010 0.799280 0.026436 0.174254 0.000010
0.431584 0.000010 0.502680 0.000010 0.064396 0.001319
0.127039 0.223779 0.480596 0.000010 0.095753 0.072822
0.423029 0.063345 0.332460 0.014616 0.146205 0.020345
0.283592 0.207281 0.337234 0.000010 0.122402 0.049480
0.152786 0.342127 0.391117 0.021182 0.044657 0.048132
0.247925 0.060555 0.000010 0.000010 0.047035 0.644465
0.260240 0.311211 0.225234 0.000010 0.203295 0.000010
0.494871 0.076055 0.261914 0.026664 0.140485 0.000010
0.000010 0.588701 0.243349 0.021659 0.045802 0.100480
0.209254 0.151967 0.608771 0.029988 0.000010 0.000010
0.000010 0.704237 0.000010 0.000010 0.040721 0.255012
0.294094 0.193212 0.296531 0.022174 0.166880 0.027109
0.308234 0.000010 0.589723 0.016999 0.021380 0.063655
0.453773 0.206087 0.000010 0.042507 0.105780 0.191844
0.272508 0.286835 0.000010 0.003790 0.281973 0.154883
0.000010 0.230228 0.573273 0.019790 0.136812 0.039887
0.465016 0.000010 0.313906 0.000010 0.221048 0.000010
0.538026 0.313310 0.000010 0.000010 0.148634 0.000010
0.000010 0.000010 0.000010 0.999950 0.000010 0.000010
0.231048 0.177646 0.430138 0.012018 0.124923 0.024228
0.328911 0.166965 0.294483 0.017330 0.148907 0.043404
0.002218 0.251264 0.453990 0.000010 0.180866 0.111651
0.333321 0.237289 0.333385 0.023035 0.045435 0.027535
0.371215 0.178491 0.404459 0.000010 0.045814 0.000010
0.220718 0.385268 0.377181 0.016813 0.000010 0.000010
0.564679 0.342677 0.000010 0.000010 0.092614 0.000010
0.387947 0.220556 0.251526 0.011946 0.040246 0.087779
0.308393 0.234810 0.371074 0.009332 0.054207 0.022185
0.184644 0.185585 0.459763 0.000010 0.136375 0.033624
0.891489 0.000010 0.000010 0.000010 0.108471 0.000010
0.415127 0.000010 0.462075 0.000010 0.122768 0.000010
0.458662 0.179371 0.000010 0.005379 0.275100 0.081478
0.409428 0.018216 0.313109 0.000010 0.226011 0.033227
0.000010 0.266336 0.409545 0.020733 0.228516 0.074859
0.320917 0.286951 0.251323 0.000010 0.110603 0.030198
0.320347 0.285734 0.000010 0.000010 0.000010 0.393889
0.183665 0.214685 0.453550 0.019645 0.128446 0.000010
0.067856 0.179624 0.000010 0.064614 0.043376 0.644520
0.534819 0.191132 0.213523 0.000010 0.044636 0.015880
0.215605 0.388738 0.223796 0.000010 0.111337 0.060513
0.826364 0.000010 0.000010 0.000010 0.173596 0.000010
0.672436 0.000010 0.200326 0.000010 0.109707 0.017511
0.139555 0.172075 0.555242 0.032187 0.000010 0.100930
0.442623 0.000010 0.195553 0.000010 0.313202 0.048602
0.432590 0.189979 0.227677 0.012724 0.112989 0.024042
0.816422 0.000010 0.000010 0.000010 0.183538 0.000010
0.466837 0.199799 0.103438 0.000010 0.169545 0.060371
0.228772 0.469496 0.093495 0.000010 0.000010 0.208216
0.000010 0.410946 0.353373 0.016566 0.182483 0.036622
0.193799 0.156883 0.464600 0.000010 0.133458 0.051250
0.246076 0.351027 0.302706 0.039473 0.055680 0.005039
0.373801 0.326770 0.206980 0.000010 0.092430 0.000010
0.341365 0.252011 0.261491 0.014796 0.093306 0.037031
0.000010 0.000010 0.000010 0.000010 0.999950 0.000010
0.000010 0.264487 0.472381 0.000010 0.196952 0.066160
0.072771 0.101417 0.532487 0.066068 0.081706 0.145551
0.178197 0.244966 0.319556 0.025108 0.165213 0.066960
0.329246 0.106795 0.437552 0.019271 0.062003 0.045131
0.448287 0.093551 0.160832 0.000010 0.125859 0.171462
0.225718 0.281036 0.278001 0.028885 0.159126 0.027233
0.000010 0.524737 0.346695 0.008093 0.120455 0.000010
0.000010 0.381050 0.389452 0.000010 0.144857 0.084622
0.322611 0.069494 0.491512 0.000010 0.116363 0.000010
0.000010 0.999950 0.000010 0.000010 0.000010 0.000010
0.255499 0.398426 0.267494 0.000010 0.073460 0.005111
0.201448 0.273940 0.365668 0.000010 0.115326 0.043607
0.257544 0.374971 0.246950 0.000010 0.102135 0.018391
0.334888 0.222191 0.347571 0.025937 0.069403 0.000010
0.305941 0.250508 0.334498 0.021759 0.045685 0.041610
0.352418 0.088886 0.290971 0.005161 0.208251 0.054314
0.000010 0.000010 0.000010 0.000010 0.999950 0.000010
0.295746 0.337246 0.258863 0.028259 0.059294 0.020593
0.416798 0.120137 0.404373 0.000010 0.058671 0.000010
0.246147 0.220730 0.341559 0.022042 0.156723 0.012798
0.342194 0.000010 0.631542 0.009743 0.000010 0.016500
0.257707 0.489355 0.199398 0.000010 0.053520 0.000010
0.136024 0.158674 0.401131 0.000010 0.262175 0.041986
0.000010 0.000010 0.000010 0.000010 0.999950 0.000010
0.000010 0.000010 0.000010 0.000010 0.000010 0.999950
0.000010 0.000010 0.962946 0.000010 0.037014 0.000010
0.313332 0.000010 0.000010 0.000010 0.000010 0.686628
0.000010 0.000010 0.000010 0.000010 0.000010 0.999950
0.484137 0.000010 0.000010 0.000010 0.515823 0.000010
0.205670 0.303963 0.384556 0.000010 0.105791 0.000010
0.413502 0.000010 0.218061 0.002241 0.302556 0.063630
0.456326 0.160243 0.320607 0.015446 0.043607 0.003772
0.319935 0.343734 0.200317 0.032854 0.054748 0.048413
0.044260 0.351748 0.476463 0.000010 0.127508 0.000010
0.217907 0.315278 0.383507 0.000010 0.083287 0.000010
0.322812 0.255053 0.316430 0.010145 0.095550 0.000010
0.058239 0.238093 0.331585 0.000010 0.219997 0.152076
0.318563 0.142672 0.345436 0.000010 0.082556 0.110764
0.411825 0.257376 0.200210 0.008295 0.121197 0.001096
0.247387 0.000010 0.520108 0.000010 0.165370 0.067115
0.000010 0.284746 0.596951 0.016893 0.058155 0.043245
0.000010 0.000010 0.165134 0.000010 0.000010 0.834826
0.000010 0.000010 0.538245 0.016087 0.000010 0.445638
0.181951 0.191172 0.380084 0.048622 0.176312 0.021859
0.098514 0.201899 0.303911 0.015123 0.169406 0.211147
0.000010 0.222960 0.537676 0.002101 0.191536 0.045717
0.103775 0.173185 0.532788 0.000010 0.088808 0.101433
0.257950 0.000010 0.099920 0.000010 0.080679 0.561431
0.053014 0.411714 0.316196 0.000010 0.137674 0.081393
0.000010 0.893195 0.000010 0.000010 0.106765 0.000010
0.419337 0.097213 0.000010 0.000010 0.280142 0.203288
0.377627 0.476697 0.096879 0.006069 0.000010 0.042718
0.281562 0.000010 0.459000 0.000010 0.234316 0.025102
0.187532 0.357466 0.336993 0.001305 0.077924 0.038779
0.528205 0.000010 0.225332 0.000010 0.246433 0.000010
0.350358 0.165675 0.438364 0.010089 0.035504 0.000010
0.153748 0.226311 0.425032 0.011226 0.157391 0.026292
0.355496 0.120610 0.488490 0.000010 0.035384 0.000010
