0.669904 0.000010 0.064672 0.265414
0.672511 0.013391 0.061160 0.252938
0.619765 0.000010 0.021335 0.358890
0.450732 0.000010 0.158294 0.390964
0.000010 0.000010 0.999970 0.000010
0.651768 0.000010 0.348212 0.000010
0.624865 0.000010 0.115245 0.259880
0.507278 0.000010 0.086315 0.406397
0.354844 0.000010 0.148749 0.496398
0.577603 0.016477 0.022849 0.383071
0.176763 0.000010 0.581334 0.241892
0.484775 0.000010 0.161316 0.353898
0.440487 0.005500 0.118227 0.435786
0.530587 0.000010 0.103196 0.366207
0.738499 0.036164 0.052308 0.173029
0.588313 0.015133 0.080754 0.315800
0.291921 0.000010 0.177225 0.530844
0.476175 0.000010 0.131847 0.391968
0.779230 0.000010 0.004784 0.215976
0.534878 0.023245 0.105272 0.336605
0.613454 0.083017 0.048188 0.255341
0.807830 0.013596 0.050905 0.127669
0.676645 0.046392 0.084615 0.192348
0.597949 0.031144 0.140541 0.230366
0.444255 0.000010 0.170771 0.384965
0.641059 0.000010 0.101784 0.257148
0.767499 0.017893 0.082497 0.132111
0.231197 0.000010 0.743351 0.025442
0.615194 0.000010 0.100457 0.284339
0.269239 0.000010 0.532582 0.198169
0.122888 0.000010 0.831558 0.045544
0.475765 0.036994 0.304105 0.183137
0.779041 0.002709 0.017473 0.200777
0.764753 0.004638 0.050765 0.179844
0.730492 0.016382 0.028864 0.224262
0.641043 0.000010 0.072655 0.286292
0.000010 0.000010 0.999970 0.000010
0.000010 0.000010 0.999970 0.000010
0.483545 0.019214 0.077500 0.419742
0.000010 0.999970 0.000010 0.000010
0.670600 0.056894 0.072705 0.199800
0.614768 0.000061 0.112483 0.272687
0.713815 0.000010 0.051535 0.234640
0.319030 0.000010 0.557402 0.123558
0.575202 0.000010 0.274145 0.150643
0.741331 0.000010 0.056504 0.202155
0.400903 0.013609 0.147480 0.438008
0.352560 0.000010 0.140424 0.507006
0.548425 0.000010 0.095939 0.355626
0.610032 0.012805 0.151502 0.225661
0.616296 0.030249 0.170390 0.183066
0.549092 0.001309 0.104516 0.345082
0.359888 0.013728 0.123619 0.502765
0.332100 0.000010 0.167687 0.500203
0.776589 0.032820 0.017768 0.172822
0.642454 0.020740 0.061281 0.275525
0.491109 0.055984 0.055330 0.397578
0.748037 0.010041 0.006280 0.235643
0.673344 0.029297 0.040082 0.257277
0.533558 0.000010 0.142286 0.324147
0.519269 0.018611 0.134390 0.327730
0.506863 0.006064 0.232140 0.254933
0.650504 0.009488 0.056616 0.283392
0.636937 0.009127 0.049303 0.304633
0.000010 0.000010 0.991885 0.008095
0.751065 0.007032 0.006628 0.235275
0.488165 0.035079 0.277819 0.198937
0.617749 0.003751 0.040452 0.338047
0.000010 0.999970 0.000010 0.000010
0.722547 0.059113 0.031272 0.187068
0.611831 0.074522 0.099802 0.213846
0.611346 0.004208 0.058235 0.326211
0.385509 0.000010 0.064651 0.549831
0.642719 0.004947 0.238196 0.114137
0.591742 0.026303 0.040583 0.341372
0.670108 0.000010 0.105015 0.224868
0.672237 0.004949 0.079831 0.242984
0.933600 0.000010 0.000010 0.066380
0.687923 0.021113 0.112459 0.178505
0.611108 0.041589 0.161319 0.185984
0.689303 0.036805 0.116461 0.157431
0.435384 0.020738 0.130948 0.412931
0.967701 0.014205 0.000010 0.018084
0.975061 0.000010 0.000010 0.024919
0.715792 0.030305 0.065365 0.188538
0.814850 0.043022 0.027035 0.115093
0.486542 0.024551 0.116548 0.372359
0.726237 0.025143 0.035079 0.213541
0.582835 0.006953 0.135345 0.274867
0.605249 0.022378 0.092570 0.279804
0.683082 0.007165 0.071245 0.238508
0.718823 0.014992 0.033377 0.232808
0.677240 0.031424 0.068950 0.222385
0.683113 0.000010 0.049895 0.266982
0.892685 0.039104 0.000010 0.068200
0.403638 0.000010 0.454739 0.141613
0.547244 0.000010 0.098018 0.354728
0.676555 0.036948 0.086522 0.199976
0.380460 0.045211 0.106654 0.467676
0.000010 0.000010 0.999970 0.000010
0.747041 0.001604 0.044773 0.206581
0.951556 0.017170 0.000010 0.031264
0.676181 0.005235 0.074639 0.243945
0.625826 0.090163 0.061991 0.222019
0.708934 0.000010 0.068806 0.222250
0.617839 0.011732 0.088187 0.282241
0.329249 0.000010 0.221882 0.448859
0.000010 0.000010 0.999970 0.000010
0.663309 0.022117 0.046700 0.267873
0.000010 0.000010 0.999970 0.000010
0.000010 0.000010 0.000010 0.999970
0.688129 0.071370 0.052500 0.188001
0.560668 0.022773 0.102440 0.314119
0.374853 0.000068 0.141229 0.483850
0.591170 0.100666 0.049885 0.258279
0.585296 0.110630 0.131465 0.172610
0.553952 0.000010 0.118553 0.327485
0.527525 0.000010 0.104200 0.368264
0.494383 0.000010 0.142588 0.363019
0.661404 0.030636 0.089217 0.218743
0.741476 0.000010 0.014465 0.244050
0.429557 0.000010 0.117331 0.453102
0.667550 0.024616 0.038820 0.269014
0.663585 0.069373 0.061483 0.205559
0.607451 0.000010 0.126277 0.266262
0.647686 0.000010 0.102036 0.250268
0.659950 0.000010 0.081667 0.258373
0.666219 0.010474 0.075606 0.247701
0.551513 0.003271 0.208231 0.236986
0.557388 0.000010 0.229547 0.213055
0.667222 0.000010 0.039549 0.293219
0.846907 0.000010 0.011389 0.141693
0.463941 0.022064 0.115383 0.398612
0.695859 0.021898 0.026890 0.255353
0.000010 0.000010 0.463841 0.536139
0.656200 0.036989 0.108026 0.198786
0.635213 0.010548 0.049570 0.304668
0.634018 0.000301 0.119517 0.246164
0.405481 0.000010 0.393523 0.200986
0.642535 0.022349 0.101320 0.233795
0.341734 0.006178 0.384886 0.267202
0.723602 0.000010 0.036391 0.239998
0.660975 0.000010 0.075629 0.263386
0.618580 0.059235 0.080724 0.241462
0.687835 0.020591 0.069456 0.222119
0.386761 0.000010 0.118485 0.494744
0.629424 0.000010 0.037634 0.332932
0.555858 0.000010 0.106719 0.337413
0.251655 0.000010 0.157768 0.590568
0.496734 0.000010 0.148188 0.355068
0.644451 0.007446 0.103463 0.244640
0.429657 0.000010 0.142336 0.427997
0.000010 0.000010 0.999970 0.000010
0.662670 0.015892 0.078876 0.242561
0.480078 0.033471 0.291539 0.194912
0.000010 0.000010 0.999970 0.000010
0.443284 0.009502 0.114325 0.432888
0.643137 0.007195 0.070821 0.278848
0.593744 0.015309 0.109195 0.281753
0.062403 0.000010 0.853032 0.084555
0.000010 0.000010 0.999970 0.000010
0.608846 0.036108 0.130718 0.224328
0.237254 0.018764 0.529180 0.214801
0.720412 0.000010 0.053337 0.226241
0.666371 0.026161 0.079586 0.227882
0.595866 0.005876 0.123683 0.274575
0.653912 0.000010 0.071665 0.274413
0.362227 0.000010 0.155131 0.482632
0.817425 0.000010 0.182555 0.000010
0.184937 0.000010 0.815043 0.000010
0.510151 0.000010 0.122020 0.367818
0.385324 0.013171 0.138854 0.462651
0.231151 0.000010 0.703168 0.065671
0.678367 0.006383 0.010903 0.304348
0.311072 0.012381 0.580794 0.095753
0.760342 0.000010 0.026589 0.213059
0.598908 0.030990 0.121738 0.248364
0.931994 0.000010 0.067986 0.000010
0.472047 0.000010 0.136319 0.391624
0.504177 0.034101 0.095790 0.365931
0.771066 0.005070 0.000010 0.223855
0.000010 0.000010 0.000010 0.999970
0.677950 0.005140 0.060536 0.256374
0.656390 0.024050 0.093000 0.226560
0.516637 0.034869 0.114291 0.334203
0.642736 0.012374 0.101746 0.243143
0.724238 0.000010 0.050404 0.225348
0.677543 0.013148 0.051940 0.257370
0.688056 0.000010 0.031148 0.280787
0.602539 0.061510 0.081543 0.254408
0.349222 0.021649 0.507158 0.121971
0.711456 0.018753 0.080249 0.189541
0.391994 0.083655 0.126918 0.397434
0.593046 0.075484 0.090600 0.240869
0.558712 0.010738 0.082649 0.347900
0.611619 0.000010 0.144655 0.243716
0.461721 0.000010 0.311340 0.226929
0.511919 0.000010 0.110044 0.378027
0.664584 0.006086 0.061831 0.267499
0.648323 0.000010 0.093327 0.258340
0.671844 0.018251 0.072396 0.237509
0.673027 0.016390 0.060625 0.249958
0.761492 0.000010 0.048205 0.190293
0.440434 0.000010 0.103481 0.456075
0.000010 0.000010 0.999970 0.000010
0.480912 0.000010 0.023108 0.495970
0.166013 0.000010 0.651668 0.182309
0.715163 0.036617 0.058201 0.190020
0.745954 0.006550 0.095881 0.151615
0.566719 0.012233 0.090489 0.330559
0.506284 0.000010 0.351644 0.142062
0.000010 0.000010 0.999970 0.000010
0.607889 0.000010 0.147767 0.244334
0.460519 0.014578 0.086382 0.438522
0.691513 0.036860 0.022278 0.249349
0.698185 0.000010 0.067015 0.234791
0.541937 0.000010 0.095551 0.362502
0.645784 0.025996 0.086705 0.241516
0.660876 0.000010 0.060719 0.278395
0.642095 0.023897 0.087343 0.246665
0.881423 0.015728 0.045020 0.057829
0.774267 0.000061 0.006394 0.219277
0.544052 0.000010 0.455928 0.000010
0.475258 0.014160 0.142876 0.367706
0.679518 0.042546 0.080864 0.197072
0.509681 0.017973 0.092534 0.379812
0.682747 0.028891 0.104560 0.183802
0.890037 0.011017 0.020813 0.078133
0.265631 0.019318 0.157581 0.557470
0.686879 0.005574 0.027559 0.279988
0.654752 0.000010 0.080373 0.264865
0.331892 0.016422 0.181392 0.470294
0.655071 0.003920 0.085112 0.255897
0.999970 0.000010 0.000010 0.000010
0.692606 0.032019 0.027507 0.247868
0.123007 0.000010 0.717949 0.159034
0.670886 0.000010 0.329094 0.000010
0.611587 0.000010 0.118945 0.269457
0.708680 0.025611 0.032385 0.233324
0.681616 0.013497 0.077284 0.227603
0.000010 0.000010 0.999970 0.000010
0.714150 0.017467 0.018469 0.249914
0.504142 0.000010 0.132780 0.363068
0.180121 0.036411 0.449803 0.333666
0.474063 0.025720 0.247738 0.252479
0.676684 0.003053 0.068900 0.251363
0.604670 0.000010 0.052732 0.342588
0.241834 0.000010 0.145391 0.612765
0.667154 0.000244 0.063331 0.269270
0.722850 0.055210 0.000010 0.221930
0.679006 0.000010 0.072023 0.248961
0.636247 0.008896 0.156911 0.197947
0.603675 0.039133 0.090742 0.266450
0.490716 0.000010 0.360206 0.149068
0.873224 0.000010 0.000010 0.126756
0.343193 0.038816 0.137488 0.480503
0.397758 0.000010 0.125297 0.476935
0.700592 0.043738 0.044230 0.211440
0.664421 0.053792 0.044953 0.236834
0.324297 0.009747 0.169843 0.496114
0.000010 0.000010 0.999970 0.000010
0.785919 0.042302 0.000010 0.171769
0.680616 0.078254 0.012481 0.228649
0.715491 0.067307 0.062811 0.154392
0.688277 0.018455 0.063507 0.229761
0.722733 0.010834 0.061933 0.204499
0.825199 0.012246 0.035756 0.126799
0.392676 0.003126 0.453425 0.150773
0.648544 0.062510 0.052773 0.236173
0.439522 0.000010 0.328010 0.232458
0.628942 0.021609 0.075998 0.273451
0.762085 0.000010 0.237895 0.000010
0.541449 0.000010 0.113995 0.344546
0.507828 0.000010 0.172807 0.319354
0.630814 0.033507 0.041566 0.294114
0.560406 0.007172 0.116065 0.316356
0.585177 0.016965 0.103716 0.294142
0.523904 0.000010 0.063374 0.412712
0.460388 0.040106 0.214993 0.284513
0.513080 0.000010 0.071715 0.415195
0.666679 0.003662 0.075112 0.254547
0.265814 0.016199 0.573918 0.144069
0.895794 0.008992 0.000010 0.095204
0.000010 0.000010 0.999970 0.000010
0.000010 0.000010 0.056667 0.943313
0.586412 0.049613 0.078667 0.285307
0.678948 0.054281 0.009762 0.257010
0.622415 0.038794 0.090472 0.248320
0.634601 0.059029 0.070545 0.235825
0.558834 0.013608 0.140594 0.286963
0.000010 0.000010 0.000010 0.999970
0.686282 0.019449 0.070532 0.223737
0.337657 0.000010 0.366982 0.295351
0.556065 0.035120 0.064998 0.343817
0.129686 0.000010 0.795578 0.074726
0.402515 0.000010 0.145169 0.452306
0.530508 0.043059 0.114973 0.311460
0.307734 0.000010 0.271447 0.420810
0.610748 0.029698 0.119972 0.239582
0.395580 0.000010 0.394088 0.210322
0.508221 0.000010 0.102266 0.389503
0.458217 0.000010 0.117250 0.424524
0.389551 0.036659 0.112496 0.461294
0.464377 0.000010 0.150614 0.385000
0.700003 0.023127 0.083287 0.193583
0.249311 0.000010 0.129108 0.621571
0.805141 0.029998 0.036950 0.127911
0.560660 0.028458 0.128222 0.282660
0.649742 0.040955 0.055804 0.253498
0.660337 0.000010 0.036103 0.303550
0.748196 0.004466 0.106141 0.141197
0.625054 0.054987 0.066613 0.253346
0.788145 0.004542 0.022006 0.185307
0.424754 0.000010 0.162188 0.413047
0.374706 0.002829 0.150387 0.472079
0.347629 0.018036 0.139487 0.494848
0.225277 0.000010 0.770593 0.004121
0.640134 0.000010 0.092253 0.267603
0.000010 0.000010 0.463147 0.536833
0.648847 0.013269 0.043690 0.294195
0.668027 0.025418 0.013470 0.293086
0.746938 0.021454 0.000010 0.231598
0.680055 0.000010 0.052161 0.267774
0.670708 0.000010 0.070132 0.259150
0.682348 0.000010 0.082604 0.235039
0.765302 0.000010 0.014317 0.220371
0.606830 0.007127 0.127957 0.258087
0.575966 0.000010 0.123981 0.300044
0.633368 0.010088 0.078456 0.278087
0.545807 0.005469 0.067990 0.380734
0.702763 0.053113 0.065933 0.178191
0.901227 0.015122 0.000010 0.083642
0.776300 0.020308 0.043777 0.159615
0.507027 0.030456 0.293285 0.169231
0.000010 0.000010 0.999970 0.000010
0.000010 0.000010 0.000010 0.999970
0.642722 0.000010 0.045736 0.311532
0.632396 0.010242 0.076467 0.280895
0.000010 0.000010 0.000010 0.999970
0.488198 0.028096 0.290966 0.192740
0.701167 0.000010 0.030012 0.268811
0.626470 0.008435 0.078673 0.286421
0.600515 0.062384 0.042039 0.295063
0.234918 0.000010 0.210199 0.554873
0.000010 0.000010 0.999970 0.000010
0.732760 0.005789 0.057191 0.204260
0.566414 0.067458 0.096093 0.270036
0.628294 0.001699 0.083527 0.286480
0.650059 0.012811 0.165576 0.171555
0.769168 0.002223 0.007301 0.221308
0.634913 0.010869 0.067024 0.287195
0.330304 0.000010 0.519392 0.150294
0.636964 0.027277 0.073710 0.262049
0.700596 0.011658 0.059144 0.228602
0.758590 0.057253 0.166982 0.017175
0.000010 0.000010 0.957825 0.042155
0.689664 0.017107 0.024029 0.269200
0.636540 0.029396 0.022778 0.311286
0.000010 0.000010 0.999970 0.000010
0.000010 0.000010 0.999970 0.000010
0.771925 0.000010 0.228055 0.000010
0.636247 0.013630 0.076920 0.273203
0.145701 0.016872 0.152131 0.685297
0.717081 0.011576 0.048303 0.223040
0.718098 0.081498 0.031420 0.168984
0.590346 0.000010 0.109631 0.300013
0.679518 0.030281 0.031028 0.259173
0.568507 0.051428 0.086716 0.293350
0.000010 0.999970 0.000010 0.000010
0.632524 0.042891 0.075548 0.249036
0.701276 0.000010 0.095815 0.202899
0.650663 0.016393 0.072904 0.260041
0.000010 0.000010 0.999970 0.000010
0.000010 0.000010 0.999970 0.000010
0.465088 0.029084 0.171850 0.333978
0.000010 0.000010 0.999970 0.000010
0.555699 0.031482 0.172728 0.240092
0.377753 0.006847 0.288912 0.326489
0.757160 0.011168 0.046120 0.185552
0.656831 0.021502 0.017720 0.303947
0.307267 0.000010 0.547979 0.144744
0.600530 0.000010 0.074750 0.324710
0.348233 0.000010 0.126098 0.525659
0.000010 0.000010 0.999970 0.000010
0.635902 0.000010 0.087516 0.276572
0.508829 0.019604 0.103225 0.368342
0.670976 0.033192 0.037935 0.257897
0.837923 0.029354 0.000010 0.132713
0.654808 0.031440 0.084173 0.229579
0.498784 0.000010 0.115079 0.386127
0.606495 0.032365 0.113711 0.247428
0.803917 0.027525 0.000010 0.168548
0.282950 0.000010 0.165089 0.551952
0.724898 0.000010 0.057958 0.217134
0.695793 0.000010 0.078294 0.225903
0.909067 0.000010 0.000010 0.090913
0.561405 0.003211 0.058417 0.376968
0.998430 0.000010 0.000010 0.001550
0.840209 0.026170 0.000010 0.133611
0.642170 0.000010 0.075022 0.282799
0.537790 0.029240 0.179499 0.253472
0.007039 0.000010 0.861265 0.131686
0.647807 0.000010 0.103273 0.248910
0.607896 0.000010 0.102415 0.289678
0.259853 0.000010 0.624620 0.115517
0.676961 0.021388 0.079779 0.221871
0.644895 0.008464 0.090278 0.256362
0.463547 0.003740 0.112663 0.420050
0.692814 0.012547 0.053073 0.241566
0.556556 0.013197 0.065481 0.364767
0.135924 0.000010 0.864056 0.000010
0.319894 0.008537 0.120758 0.550811
0.000010 0.000010 0.999970 0.000010
0.612929 0.031738 0.108326 0.247007
0.454652 0.000010 0.127916 0.417422
0.608164 0.010746 0.167527 0.213563
0.610760 0.000696 0.192020 0.196524
0.000010 0.000010 0.000010 0.999970
0.133819 0.000010 0.591501 0.274670
0.734705 0.000010 0.030572 0.234713
0.611362 0.002419 0.081871 0.304348
0.302087 0.004065 0.536237 0.157612
0.433983 0.020455 0.236356 0.309206
0.648851 0.022442 0.070649 0.258058
0.369541 0.007954 0.372426 0.250078
0.688074 0.018565 0.101237 0.192124
0.000010 0.000010 0.999970 0.000010
0.489497 0.000936 0.359346 0.150221
0.632544 0.003204 0.107325 0.256926
0.788509 0.000010 0.006063 0.205419
0.572827 0.000010 0.091589 0.335574
0.551052 0.000010 0.448928 0.000010
0.662245 0.000010 0.075946 0.261799
0.763339 0.000010 0.065745 0.170907
0.672253 0.007948 0.118001 0.201798
0.677408 0.011390 0.065223 0.245979
0.632628 0.005514 0.041827 0.320031
0.471726 0.000010 0.115502 0.412762
0.593456 0.006900 0.089447 0.310197
0.493261 0.001487 0.112906 0.392345
0.676304 0.081931 0.050037 0.191728
0.622735 0.058870 0.032528 0.285867
0.388818 0.019117 0.191201 0.400863
0.592230 0.008076 0.047847 0.351847
0.525477 0.044129 0.099616 0.330777
0.629050 0.017878 0.076177 0.276895
0.398927 0.019071 0.463156 0.118846
0.649417 0.037546 0.067067 0.245969
0.594036 0.000010 0.165721 0.240233
0.534011 0.015281 0.191320 0.259388
0.645853 0.004481 0.071144 0.278521
0.638340 0.035269 0.050007 0.276384
0.673529 0.008331 0.077636 0.240504
0.739627 0.035106 0.019172 0.206095
0.708490 0.060126 0.046606 0.184778
0.228260 0.000010 0.690704 0.081026
0.677886 0.044522 0.080135 0.197457
0.355747 0.020718 0.137722 0.485813
0.472409 0.027340 0.100640 0.399610
0.582768 0.017899 0.092029 0.307305
0.723738 0.003541 0.077265 0.195456
0.651648 0.021501 0.035994 0.290857
0.621632 0.055213 0.073155 0.250001
0.744848 0.000010 0.057171 0.197970
0.707141 0.000010 0.023469 0.269380
0.754605 0.000010 0.050363 0.195022
0.666281 0.000010 0.086493 0.247216
0.626961 0.064833 0.062957 0.245249
0.476447 0.004599 0.136265 0.382688
0.375850 0.000010 0.126924 0.497216
0.430223 0.000010 0.129219 0.440548
0.613648 0.005141 0.104289 0.276921
0.654502 0.021616 0.090835 0.233047
0.776770 0.014075 0.011178 0.197977
0.583116 0.011356 0.229626 0.175901
0.428345 0.000010 0.090460 0.481185
0.717277 0.018758 0.036982 0.226983
0.486359 0.010525 0.140322 0.362795
0.569387 0.044298 0.076083 0.310231
0.462627 0.000010 0.141297 0.396066
0.614802 0.014423 0.084841 0.285934
0.695320 0.000010 0.030621 0.274049
0.389087 0.104751 0.114009 0.392153
0.647969 0.059754 0.065327 0.226951
0.271206 0.000010 0.172680 0.556104
0.574412 0.035709 0.156129 0.233750
0.712069 0.000010 0.052195 0.235726
0.673163 0.007062 0.062618 0.257158
0.299291 0.000010 0.174877 0.525822
0.483131 0.024327 0.173536 0.319006
0.603662 0.027667 0.127486 0.241185
0.543321 0.000010 0.111700 0.344969
0.577933 0.017693 0.138113 0.266260
0.697895 0.032338 0.000010 0.269757
0.346404 0.000010 0.154361 0.499225
0.583824 0.005084 0.159269 0.251822
0.724305 0.003503 0.026088 0.246103
0.781247 0.027598 0.017624 0.173531
0.702728 0.003392 0.067785 0.226096
0.634581 0.000010 0.083543 0.281866
0.427121 0.000010 0.086158 0.486711
0.621991 0.062691 0.095568 0.219749
0.670194 0.049347 0.056046 0.224413
0.505880 0.000010 0.304640 0.189470
0.369464 0.034023 0.134817 0.461696
0.693715 0.000010 0.055904 0.250371
0.650970 0.007980 0.088538 0.252512
0.589353 0.011070 0.374127 0.025449
0.681602 0.020148 0.081347 0.216903
0.620229 0.053185 0.052357 0.274228
0.631610 0.000010 0.061986 0.306394
0.611012 0.006977 0.113802 0.268209
0.190391 0.000010 0.703310 0.106289
0.681985 0.000010 0.106502 0.211503
0.022640 0.000010 0.817987 0.159363
0.437256 0.000010 0.138708 0.424026
0.480955 0.000010 0.099765 0.419270
0.912850 0.022963 0.000010 0.064177
0.819319 0.000010 0.000010 0.180661
0.477891 0.000010 0.209579 0.312520
0.643726 0.053422 0.093985 0.208868
0.702800 0.000010 0.044967 0.252222
0.669823 0.000010 0.110206 0.219961
0.746824 0.000010 0.083996 0.169170
0.585487 0.072206 0.057175 0.285132
0.524822 0.000010 0.097035 0.378134
0.702238 0.011480 0.006233 0.280049
0.697150 0.000010 0.032866 0.269973
0.879686 0.000010 0.120294 0.000010
0.614881 0.009475 0.069524 0.306120
0.484894 0.006246 0.090195 0.418665
0.639274 0.000010 0.035144 0.325572
0.643377 0.009218 0.084081 0.263324
0.937974 0.008748 0.000010 0.053268
0.637891 0.043470 0.070856 0.247783
0.495207 0.000010 0.154689 0.350093
0.728671 0.000010 0.067573 0.203747
0.372632 0.000010 0.146538 0.480820
0.450605 0.055689 0.091988 0.401719
0.799138 0.013594 0.020381 0.166887
0.443153 0.011466 0.138085 0.407296
0.585216 0.033822 0.108696 0.272266
0.857816 0.039332 0.000010 0.102842
0.677872 0.007871 0.058349 0.255907
0.671414 0.000010 0.021360 0.307216
0.585318 0.053823 0.086220 0.274639
0.468521 0.000010 0.153225 0.378244
0.335026 0.000010 0.162679 0.502285
0.557429 0.009171 0.103959 0.329440
0.848616 0.000010 0.066612 0.084762
0.501573 0.088757 0.219355 0.190314
0.578183 0.008052 0.067585 0.346180
0.597275 0.016233 0.092121 0.294371
0.756705 0.030211 0.012994 0.200090
0.281469 0.000010 0.718511 0.000010
0.450012 0.003601 0.132179 0.414208
0.631812 0.015150 0.092528 0.260510
0.735789 0.011374 0.063416 0.189421
0.548118 0.004417 0.092255 0.355211
0.671770 0.000010 0.047755 0.280465
0.662016 0.044578 0.059627 0.233779
0.677171 0.012032 0.069737 0.241059
0.617592 0.102275 0.070611 0.209522
0.219709 0.000010 0.611102 0.169179
0.000010 0.000010 0.999970 0.000010
0.700158 0.000010 0.040999 0.258833
0.510339 0.000010 0.118943 0.370708
0.618592 0.035684 0.179573 0.166151
0.462283 0.051026 0.256147 0.230544
0.787901 0.000010 0.061605 0.150484
0.747596 0.028054 0.071057 0.153292
0.736657 0.000010 0.020655 0.242678
0.593632 0.002721 0.227602 0.176044
0.663023 0.000010 0.098105 0.238862
0.677950 0.035149 0.037308 0.249593
0.644908 0.000010 0.064843 0.290240
0.702489 0.012708 0.064039 0.220764
0.699059 0.019051 0.065357 0.216533
0.573040 0.043359 0.046816 0.336785
0.632488 0.046217 0.058937 0.262358
0.634325 0.017555 0.076571 0.271548
0.565264 0.024180 0.076477 0.334079
0.670587 0.016013 0.225158 0.088241
0.584214 0.000010 0.079727 0.336048
0.488109 0.029639 0.117996 0.364256
0.574582 0.023671 0.217565 0.184182
0.659071 0.012797 0.057027 0.271105
0.769616 0.000010 0.021688 0.208687
0.522157 0.002907 0.135678 0.339258
0.659878 0.061945 0.089468 0.188709
0.247286 0.000010 0.555927 0.196778
0.566061 0.000010 0.275463 0.158466
0.650628 0.033659 0.076399 0.239314
0.677374 0.000010 0.067008 0.255609
0.376689 0.017138 0.289499 0.316675
0.606271 0.034484 0.111552 0.247693
0.705111 0.029622 0.052226 0.213041
0.748467 0.000010 0.087164 0.164359
0.590862 0.002514 0.139891 0.266733
0.687443 0.000010 0.096497 0.216050
0.636844 0.024781 0.044458 0.293916
0.771145 0.011097 0.000010 0.217748
0.213659 0.000010 0.193913 0.592418
0.509454 0.015641 0.072710 0.402196
0.593101 0.005853 0.095143 0.305904
0.626420 0.027499 0.083534 0.262547
0.332296 0.022730 0.523636 0.121339
0.503576 0.005055 0.104621 0.386748
0.195927 0.011413 0.671889 0.120771
0.568172 0.018673 0.173681 0.239474
0.397562 0.000010 0.457643 0.144785
0.529958 0.000010 0.019125 0.450907
0.488632 0.000010 0.096704 0.414654
0.601472 0.000010 0.084011 0.314507
0.425257 0.000010 0.526108 0.048624
0.525603 0.032379 0.073300 0.368719
0.534228 0.025608 0.101071 0.339093
0.187402 0.000010 0.221335 0.591253
0.655300 0.034425 0.053558 0.256717
0.586655 0.000010 0.121674 0.291661
0.541446 0.026224 0.173554 0.258777
0.680072 0.020896 0.083981 0.215051
0.755401 0.000010 0.055621 0.188968
0.557518 0.029874 0.040161 0.372447
0.563128 0.040179 0.088890 0.307803
0.578749 0.031883 0.100076 0.289293
0.415466 0.000010 0.215864 0.368660
0.738628 0.109006 0.000010 0.152356
0.697205 0.000010 0.070199 0.232586
0.714906 0.000010 0.095938 0.189146
0.572331 0.016980 0.082022 0.328667
0.610684 0.000010 0.105678 0.283628
0.730406 0.016945 0.080835 0.171814
0.162922 0.000010 0.682244 0.154824
0.574374 0.015534 0.035436 0.374655
0.572318 0.009218 0.061213 0.357251
0.673139 0.017276 0.133659 0.175926
0.874080 0.027426 0.004216 0.094278
0.490127 0.014054 0.293844 0.201975
0.569950 0.016956 0.083023 0.330072
0.724600 0.023285 0.112467 0.139649
0.320981 0.030279 0.300320 0.348419
0.248784 0.012037 0.255578 0.483601
0.731450 0.035734 0.052032 0.180784
0.524896 0.000010 0.064761 0.410332
0.476339 0.000924 0.082250 0.440487
0.710230 0.004805 0.048131 0.236835
0.659645 0.018200 0.067391 0.254764
0.577092 0.016564 0.092017 0.314328
0.641312 0.012557 0.113843 0.232287
0.660643 0.024935 0.090909 0.223513
0.746220 0.000010 0.031982 0.221788
0.800997 0.020540 0.026255 0.152208
0.459765 0.000010 0.138583 0.401641
0.601341 0.013194 0.151641 0.233824
0.687049 0.005565 0.079885 0.227501
0.701356 0.000010 0.056363 0.242270
0.378931 0.000010 0.147290 0.473769
0.681548 0.000010 0.040811 0.277631
0.293122 0.006626 0.183648 0.516604
0.503067 0.000010 0.094066 0.402857
0.596262 0.036152 0.082166 0.285420
0.617803 0.000010 0.084305 0.297882
0.354953 0.000010 0.460626 0.184411
0.712979 0.031270 0.016726 0.239025
0.074654 0.113808 0.700702 0.110836
0.570378 0.004180 0.118597 0.306844
0.610398 0.000010 0.108925 0.280666
0.386252 0.000010 0.103543 0.510195
0.502370 0.000010 0.119370 0.378250
0.778374 0.057290 0.102579 0.061757
0.368788 0.000010 0.126113 0.505088
0.548204 0.024502 0.101850 0.325444
0.299905 0.000010 0.174719 0.525366
0.441255 0.000010 0.153800 0.404935
0.580292 0.000010 0.247061 0.172637
0.633556 0.018398 0.069336 0.278710
0.680153 0.000010 0.080450 0.239387
0.685231 0.040607 0.048019 0.226143
0.613852 0.000010 0.067425 0.318713
0.601278 0.012482 0.103945 0.282295
0.000010 0.000010 0.000010 0.999970
0.652879 0.017825 0.080302 0.248993
0.648292 0.076137 0.151341 0.124230
0.578544 0.030961 0.101717 0.288779
0.675436 0.016406 0.093640 0.214519
0.417953 0.000010 0.254201 0.327836
0.576385 0.046310 0.071596 0.305709
0.712621 0.027768 0.029107 0.230505
0.658572 0.000750 0.110502 0.230175
0.682087 0.009211 0.051921 0.256781
0.742171 0.007455 0.049220 0.201155
0.683247 0.000010 0.057920 0.258823
0.661487 0.000010 0.085934 0.252568
0.638754 0.000010 0.076147 0.285090
0.690356 0.029146 0.035586 0.244911
0.642630 0.029927 0.105603 0.221840
0.497141 0.023448 0.112605 0.366806
0.000017 0.000010 0.000010 0.999963
0.625641 0.025099 0.093347 0.255912
0.721266 0.000010 0.037310 0.241415
0.619554 0.013857 0.062077 0.304512
0.820655 0.010101 0.056031 0.113214
0.704331 0.004184 0.029115 0.262371
0.579771 0.012702 0.059983 0.347544
0.000010 0.000011 0.000010 0.999969
0.000010 0.000010 0.999970 0.000010
0.960969 0.008132 0.000010 0.030888
0.067018 0.000010 0.805950 0.127022
0.000010 0.000010 0.999970 0.000010
0.207039 0.000010 0.043577 0.749374
0.708970 0.007098 0.033468 0.250464
0.373671 0.008570 0.136989 0.480770
0.654376 0.013318 0.074287 0.258020
0.581347 0.039824 0.120440 0.258390
0.782143 0.000515 0.000010 0.217332
0.744790 0.006728 0.020080 0.228402
0.680400 0.006815 0.037927 0.274859
0.540781 0.000010 0.163555 0.295655
0.598098 0.000010 0.165816 0.236076
0.554539 0.021610 0.078289 0.345562
0.624039 0.000010 0.112272 0.263679
0.806401 0.027396 0.055204 0.110999
0.165973 0.000010 0.834007 0.000010
0.534164 0.022500 0.443326 0.000010
0.608783 0.047739 0.052842 0.290636
0.495896 0.004605 0.242050 0.257449
0.688733 0.033519 0.047484 0.230263
0.725248 0.000010 0.116263 0.158479
0.177015 0.000010 0.632781 0.190194
0.638112 0.000010 0.109815 0.252063
0.605506 0.031836 0.055159 0.307499
0.176915 0.013974 0.316500 0.492611
0.615976 0.000010 0.130830 0.253184
0.592575 0.002753 0.060506 0.344166
0.680477 0.024361 0.076431 0.218730
0.478399 0.000010 0.064758 0.456833
0.782539 0.012860 0.009232 0.195369
0.671879 0.028009 0.044109 0.256003
0.742296 0.000010 0.062729 0.194966
0.707824 0.000010 0.183523 0.108642
0.512465 0.017426 0.075803 0.394307
0.663785 0.000010 0.045323 0.290882
0.512075 0.000010 0.195163 0.292751
0.257035 0.000010 0.145697 0.597258
0.253255 0.000010 0.202113 0.544623
0.619374 0.008131 0.063901 0.308594
0.731667 0.004107 0.015994 0.248232
0.566027 0.000010 0.135790 0.298173
0.691351 0.015365 0.091179 0.202106
0.651445 0.000010 0.097865 0.250680
0.523922 0.000010 0.105471 0.370596
0.684360 0.051213 0.062489 0.201938
0.326593 0.010830 0.171771 0.490806
0.736185 0.009409 0.035270 0.219135
0.302035 0.000010 0.171783 0.526171
0.646982 0.000010 0.045212 0.307796
0.458829 0.000010 0.145722 0.395439
0.613639 0.010441 0.056354 0.319566
0.718676 0.000010 0.022575 0.258739
0.000010 0.999970 0.000010 0.000010
0.636265 0.010521 0.113876 0.239339
0.656286 0.008688 0.084450 0.250576
0.579494 0.021264 0.080872 0.318371
0.541311 0.000010 0.136412 0.322267
0.585895 0.000010 0.140326 0.273769
0.345947 0.000010 0.153050 0.500993
0.644658 0.000010 0.092287 0.263045
0.531511 0.028609 0.279788 0.160092
0.597376 0.018477 0.000010 0.384136
0.703974 0.000010 0.050115 0.245901
0.778312 0.000010 0.046471 0.175207
0.568091 0.038759 0.141569 0.251580
0.430614 0.000010 0.456733 0.112643
0.000010 0.000010 0.999970 0.000010
0.000010 0.000010 0.926532 0.073448
0.297143 0.000010 0.667028 0.035818
0.537089 0.000010 0.218068 0.244832
0.777872 0.015698 0.050096 0.156334
0.503391 0.043459 0.049009 0.404140
0.655202 0.001498 0.056967 0.286333
0.000010 0.999970 0.000010 0.000010
0.460437 0.014890 0.235444 0.289229
0.585192 0.012070 0.086916 0.315822
0.143304 0.035628 0.624992 0.196077
0.604058 0.000010 0.097140 0.298793
0.543610 0.022095 0.147233 0.287061
0.599714 0.000010 0.187476 0.212799
0.616525 0.019459 0.094675 0.269341
0.661606 0.051765 0.124978 0.161651
0.804534 0.114880 0.026870 0.053716
0.665979 0.000010 0.106692 0.227318
0.658314 0.010630 0.103748 0.227308
0.732791 0.000010 0.073877 0.193322
0.698493 0.000010 0.056180 0.245317
0.656833 0.004307 0.087571 0.251290
0.719453 0.000476 0.000010 0.280060
0.664485 0.003875 0.091074 0.240565
0.706597 0.017403 0.015320 0.260679
0.000010 0.000010 0.925417 0.074563
0.378724 0.068545 0.294426 0.258305
0.577565 0.000099 0.162025 0.260310
0.628191 0.000010 0.181916 0.189883
0.552959 0.025291 0.199123 0.222627
0.835837 0.000010 0.044700 0.119453
0.355193 0.000010 0.024152 0.620645
0.544708 0.064289 0.080374 0.310630
0.632787 0.000010 0.105528 0.261674
0.000010 0.000010 0.000010 0.999970
0.353127 0.014381 0.144430 0.488063
0.656606 0.010886 0.074631 0.257877
0.000010 0.185751 0.814229 0.000010
0.413207 0.000010 0.142358 0.444425
0.480548 0.000010 0.392012 0.127430
0.305427 0.000010 0.106636 0.587927
0.635638 0.000010 0.142052 0.222301
0.604965 0.000010 0.031249 0.363776
0.000010 0.000010 0.000010 0.999970
0.000010 0.000010 0.000010 0.999970
0.398266 0.000010 0.601714 0.000010
0.629578 0.000010 0.114320 0.256093
0.537558 0.011253 0.160526 0.290663
0.000010 0.000010 0.000010 0.999970
0.614958 0.000010 0.083332 0.301700
0.724286 0.032294 0.076391 0.167029
0.000010 0.000010 0.972160 0.027820
0.417038 0.007829 0.331975 0.243159
0.609008 0.023984 0.125864 0.241145
0.779340 0.019160 0.043373 0.158127
0.358533 0.000010 0.188647 0.452810
0.638537 0.019831 0.144122 0.197510
0.000010 0.999970 0.000010 0.000010
0.397948 0.011631 0.227083 0.363338
0.713293 0.024391 0.069029 0.193286
0.000010 0.000010 0.971419 0.028561
0.714158 0.004106 0.045962 0.235774
0.738914 0.012872 0.052170 0.196044
0.731981 0.072215 0.012314 0.183490
0.577423 0.000352 0.095173 0.327052
0.591037 0.043302 0.068903 0.296759
0.736976 0.031610 0.056935 0.174478
0.398601 0.000010 0.129724 0.471665
0.897263 0.000010 0.102717 0.000010
0.673677 0.004008 0.081156 0.241159
0.622051 0.039533 0.028414 0.310002
0.689495 0.000010 0.118540 0.191955
0.669631 0.000010 0.131505 0.198854
0.678756 0.000010 0.099224 0.222010
0.608808 0.002733 0.125567 0.262892
0.676680 0.024535 0.132849 0.165936
0.599497 0.000010 0.161502 0.238990
0.570961 0.000010 0.139940 0.289090
0.658286 0.000010 0.143019 0.198685
0.664733 0.008909 0.134980 0.191377
0.739017 0.003104 0.077595 0.180284
0.794917 0.027043 0.098716 0.079324
0.000010 0.000010 0.999970 0.000010
0.813760 0.003617 0.100976 0.081648
0.576254 0.048432 0.091341 0.283974
0.963109 0.000010 0.036871 0.000010
0.651183 0.000010 0.145491 0.203317
0.622192 0.081335 0.134835 0.161638
0.649873 0.000010 0.156799 0.193319
0.615422 0.005675 0.190044 0.188859
0.665284 0.000010 0.180915 0.153791
0.545334 0.008023 0.236078 0.210565
0.554032 0.001823 0.286483 0.157662
0.692525 0.014225 0.128546 0.164703
0.434019 0.033709 0.158374 0.373898
0.607910 0.000010 0.205687 0.186392
0.704920 0.000010 0.080246 0.214824
0.689518 0.051367 0.109318 0.149796
0.661685 0.025165 0.125111 0.188039
0.389144 0.061708 0.199341 0.349807
0.618735 0.000010 0.116297 0.264959
0.694405 0.000010 0.065503 0.240081
0.537422 0.000010 0.193223 0.269346
0.508762 0.000010 0.127813 0.363416
0.448288 0.022084 0.164814 0.364813
0.788033 0.000010 0.039028 0.172930
0.790973 0.000010 0.007286 0.201731
0.000010 0.000010 0.999970 0.000010
0.629243 0.071330 0.113163 0.186265
0.720073 0.019629 0.063157 0.197141
0.704829 0.001611 0.056894 0.236667
0.878589 0.008617 0.010172 0.102623
0.725259 0.000010 0.099871 0.174860
0.000010 0.000010 0.999970 0.000010
0.308714 0.000010 0.134000 0.557276
0.676145 0.039188 0.090472 0.194195
0.401875 0.000010 0.122635 0.475479
0.655232 0.033875 0.038653 0.272240
0.552357 0.000010 0.108377 0.339255
0.000010 0.000010 0.999970 0.000010
0.000010 0.000010 0.942560 0.057420
0.652894 0.007475 0.048891 0.290740
0.000010 0.000010 0.000010 0.999970
0.629120 0.042098 0.084730 0.244051
0.177788 0.000010 0.624184 0.198018
0.603488 0.011426 0.244264 0.140822
0.631487 0.049367 0.088225 0.230921
0.000010 0.000010 0.835566 0.164414
0.276514 0.000467 0.573530 0.149490
0.661286 0.032800 0.036488 0.269426
0.675654 0.019753 0.052103 0.252490
0.522282 0.008458 0.048806 0.420453
0.591491 0.022589 0.080503 0.305417
0.203623 0.000010 0.599737 0.196630
0.641523 0.011124 0.078808 0.268545
0.489895 0.008104 0.314741 0.187259
0.892102 0.031518 0.000010 0.076370
0.583200 0.024734 0.110861 0.281205
0.700104 0.008906 0.119915 0.171076
0.576854 0.004094 0.108089 0.310964
0.697305 0.001384 0.051754 0.249557
0.796667 0.027020 0.000010 0.176303
0.664768 0.002844 0.079485 0.252902
0.000010 0.000010 0.000010 0.999970
0.362685 0.000010 0.153781 0.483524
0.528621 0.007518 0.206387 0.257474
0.000010 0.000010 0.999970 0.000010
0.738414 0.010087 0.155405 0.096094
0.000010 0.000010 0.000010 0.999970
0.500289 0.041202 0.056722 0.401786
0.761276 0.001798 0.017469 0.219457
0.454922 0.000010 0.099347 0.445721
0.410820 0.003981 0.110081 0.475118
0.000010 0.000010 0.980495 0.019485
0.109250 0.054218 0.586250 0.250282
0.567477 0.000010 0.155879 0.276634
0.886477 0.000010 0.113503 0.000010
0.685257 0.000010 0.059932 0.254800
0.573665 0.011050 0.107068 0.308218
0.669028 0.021777 0.065063 0.244131
0.668939 0.000010 0.080215 0.250835
0.672468 0.007158 0.078153 0.242221
0.113180 0.000010 0.868205 0.018604
0.529612 0.022460 0.119386 0.328542
0.000010 0.000010 0.917248 0.082732
0.712152 0.050961 0.041415 0.195473
0.000010 0.189097 0.810883 0.000010
0.000010 0.708210 0.000010 0.291770
0.000010 0.999970 0.000010 0.000010
0.245773 0.464600 0.289616 0.000010
0.000010 0.038191 0.000010 0.961789
0.000010 0.999970 0.000010 0.000010
0.000010 0.912446 0.000010 0.087534
0.349279 0.372114 0.118227 0.160380
0.000010 0.500033 0.499947 0.000010
0.000010 0.121031 0.878949 0.000010
0.514620 0.479415 0.005955 0.000010
0.402628 0.348781 0.032462 0.216129
0.094791 0.254504 0.650694 0.000010
0.000010 0.999970 0.000010 0.000010
0.000010 0.279079 0.720901 0.000010
0.000010 0.959025 0.000010 0.040955
0.000010 0.782282 0.000010 0.217698
0.365042 0.499620 0.000010 0.135328
0.000010 0.908303 0.000010 0.091677
0.000010 0.967345 0.000010 0.032635
0.000010 0.985830 0.000010 0.014150
0.000010 0.999970 0.000010 0.000010
0.000010 0.999970 0.000010 0.000010
0.000010 0.293311 0.604081 0.102598
0.000010 0.201853 0.798127 0.000010
0.056436 0.453599 0.304832 0.185134
0.000010 0.930140 0.000010 0.069840
0.000010 0.317988 0.258547 0.423455
0.000010 0.987707 0.000010 0.012273
0.000010 0.999970 0.000010 0.000010
0.000010 0.895638 0.000010 0.104342
0.000010 0.165289 0.000010 0.834691
0.316014 0.410623 0.103072 0.170291
0.000010 0.751109 0.000010 0.248871
0.000010 0.891363 0.000010 0.108617
0.000010 0.657689 0.000010 0.342291
0.315020 0.419776 0.196354 0.068850
0.000010 0.947489 0.000010 0.052491
0.000010 0.999970 0.000010 0.000010
0.000010 0.999970 0.000010 0.000010
0.000010 0.994427 0.000010 0.005553
0.000010 0.752631 0.247349 0.000010
0.000010 0.999970 0.000010 0.000010
0.000010 0.288502 0.711478 0.000010
0.000010 0.954543 0.000010 0.045437
0.000010 0.999970 0.000010 0.000010
0.000010 0.517743 0.482237 0.000010
0.000010 0.999970 0.000010 0.000010
0.442670 0.533372 0.023947 0.000010
0.000010 0.248426 0.751554 0.000010
0.354286 0.354208 0.291495 0.000010
0.000010 0.799589 0.200391 0.000010
0.000010 0.765362 0.234618 0.000010
0.597628 0.402352 0.000010 0.000010
0.000010 0.999970 0.000010 0.000010
0.000010 0.644809 0.279901 0.075280
0.000010 0.999970 0.000010 0.000010
0.000010 0.053528 0.000010 0.946452
0.000010 0.999970 0.000010 0.000010
0.651646 0.009193 0.050986 0.288176
0.685688 0.020054 0.093955 0.200302
0.215637 0.000010 0.233963 0.550390
0.721956 0.022950 0.064098 0.190996
0.362175 0.012112 0.141890 0.483822
0.372824 0.058895 0.134072 0.434210
0.904091 0.028729 0.000010 0.067169
0.374590 0.000010 0.160090 0.465310
0.578839 0.000010 0.080446 0.340705
0.347999 0.000010 0.134439 0.517553
0.716649 0.021260 0.055284 0.206807
0.583315 0.000010 0.061776 0.354899
0.660804 0.000010 0.055273 0.283913
0.509128 0.010871 0.126047 0.353954
0.419788 0.003867 0.159626 0.416719
0.395265 0.019570 0.158695 0.426470
0.381579 0.000010 0.117239 0.501173
0.635858 0.042807 0.083901 0.237435
0.442884 0.000010 0.096349 0.460757
0.372706 0.000010 0.144763 0.482521
0.672202 0.000661 0.072239 0.254898
0.529911 0.014960 0.103016 0.352112
0.426465 0.008289 0.079331 0.485914
0.389000 0.012930 0.138783 0.459287
0.659325 0.005892 0.045466 0.289317
0.502908 0.046457 0.061515 0.389121
0.458806 0.000010 0.051528 0.489656
0.514695 0.000010 0.133970 0.351325
0.386863 0.000010 0.107541 0.505587
0.464163 0.000010 0.115322 0.420505
0.380353 0.019589 0.113888 0.486170
0.599373 0.056091 0.095147 0.249389
0.393192 0.000010 0.166118 0.440681
0.416068 0.016892 0.119683 0.447357
0.176157 0.000010 0.098155 0.725678
0.609968 0.045694 0.091269 0.253068
0.326299 0.006915 0.168234 0.498553
0.270112 0.000010 0.201537 0.528341
0.454793 0.000010 0.115787 0.429410
0.405419 0.000010 0.285106 0.309465
0.443759 0.036978 0.225000 0.294263
0.697309 0.016338 0.050604 0.235748
0.640824 0.042492 0.056857 0.259827
0.354600 0.000010 0.155793 0.489597
0.361694 0.000010 0.143307 0.494989
0.457324 0.004241 0.101614 0.436821
0.676584 0.043537 0.061104 0.218775
0.410973 0.000010 0.130748 0.458268
