0.039294 0.172255 0.407908 0.380532 0.000010
0.013211 0.120220 0.323065 0.530997 0.012508
0.000010 0.279502 0.412562 0.307916 0.000010
0.125759 0.293259 0.202157 0.378815 0.000010
0.999960 0.000010 0.000010 0.000010 0.000010
0.363423 0.000010 0.636547 0.000010 0.000010
0.082360 0.161599 0.366132 0.389899 0.000010
0.041272 0.260373 0.140737 0.557608 0.000010
0.108409 0.384250 0.090039 0.417292 0.000010
0.000010 0.265273 0.229359 0.491422 0.013936
0.536306 0.163721 0.000010 0.294122 0.005841
0.126430 0.241214 0.192251 0.440095 0.000010
0.084697 0.327080 0.161613 0.416401 0.010209
0.075951 0.290295 0.342570 0.291173 0.000010
0.024450 0.104762 0.567604 0.270747 0.032437
0.049909 0.226183 0.360099 0.353968 0.009841
0.141481 0.412826 0.000010 0.445672 0.000010
0.085706 0.266595 0.146388 0.498162 0.003150
0.000010 0.159306 0.598361 0.242312 0.000010
0.073995 0.233821 0.268954 0.402190 0.021041
0.014523 0.157709 0.345225 0.388557 0.093986
0.016463 0.014593 0.490876 0.469006 0.009062
0.075378 0.149715 0.544663 0.204065 0.026179
0.114368 0.143972 0.351536 0.355096 0.035028
0.124360 0.270625 0.178783 0.426222 0.000010
0.083918 0.197607 0.485908 0.232558 0.000010
0.065095 0.073576 0.591959 0.264160 0.005209
0.742250 0.027065 0.230666 0.000010 0.000010
0.000010 0.031959 0.000010 0.968011 0.000010
0.452366 0.056595 0.000010 0.491019 0.000010
0.804897 0.000010 0.000010 0.195073 0.000010
0.287379 0.127567 0.313297 0.239723 0.032033
0.000010 0.196313 0.803657 0.000010 0.000010
0.014377 0.071609 0.461210 0.447727 0.005078
0.003130 0.127873 0.447620 0.408786 0.012592
0.013600 0.144165 0.272558 0.569667 0.000010
0.999960 0.000010 0.000010 0.000010 0.000010
0.999960 0.000010 0.000010 0.000010 0.000010
0.050319 0.346600 0.296349 0.293895 0.012837
0.000010 0.209171 0.790799 0.000010 0.000010
0.040502 0.100753 0.398323 0.409846 0.050576
0.077548 0.190171 0.407327 0.321163 0.003791
0.000252 0.109971 0.374037 0.515731 0.000010
0.525463 0.053081 0.136231 0.285215 0.000010
0.260303 0.110760 0.463276 0.165651 0.000010
0.015106 0.076491 0.388541 0.519852 0.000010
0.113531 0.336023 0.155655 0.384058 0.010733
0.092673 0.365529 0.000010 0.541778 0.000010
0.061174 0.267286 0.338552 0.332978 0.000010
0.116835 0.135912 0.390352 0.342378 0.014524
0.137428 0.094480 0.389270 0.350268 0.028554
0.064505 0.204053 0.183332 0.548100 0.000010
0.095096 0.411147 0.137711 0.353460 0.002586
0.129658 0.395001 0.080012 0.395318 0.000010
0.000010 0.171990 0.819957 0.000010 0.008033
0.031152 0.178165 0.382536 0.387439 0.020708
0.024513 0.281756 0.174260 0.449206 0.070265
0.000010 0.139966 0.453080 0.402176 0.004768
0.000010 0.121216 0.286443 0.567556 0.024775
0.114332 0.221169 0.243264 0.421224 0.000010
0.098662 0.217869 0.232884 0.435089 0.015496
0.199835 0.159047 0.252622 0.381635 0.006861
0.036472 0.211581 0.447845 0.295425 0.008677
0.022787 0.235465 0.464890 0.272257 0.004601
0.990733 0.009237 0.000010 0.000010 0.000010
0.000010 0.183784 0.590047 0.226149 0.000010
0.277101 0.198193 0.495118 0.000010 0.029578
0.000010 0.131814 0.000010 0.867171 0.000995
0.000010 0.211874 0.788096 0.000010 0.000010
0.005851 0.107543 0.496791 0.309323 0.080492
0.079438 0.149377 0.440865 0.270670 0.059651
0.038631 0.261073 0.436467 0.263820 0.000010
0.026798 0.447946 0.153286 0.371960 0.000010
0.229638 0.066866 0.487475 0.216011 0.000010
0.000010 0.145550 0.000010 0.835723 0.018707
0.068906 0.110897 0.345421 0.465714 0.009062
0.000010 0.000010 0.000010 0.999960 0.000010
0.000010 0.058937 0.941033 0.000010 0.000010
0.104995 0.142786 0.577934 0.156762 0.017523
0.118967 0.070731 0.290586 0.468599 0.051116
0.065776 0.012230 0.279051 0.593040 0.049903
0.046666 0.226535 0.000010 0.708320 0.018470
0.000010 0.015086 0.984884 0.000010 0.000010
0.000010 0.019447 0.980523 0.000010 0.000010
0.039441 0.112583 0.502259 0.318176 0.027541
0.000010 0.003733 0.476390 0.475255 0.044612
0.093644 0.312218 0.346757 0.240744 0.006638
0.014602 0.145137 0.528346 0.299601 0.012315
0.107142 0.190409 0.352395 0.339964 0.010090
0.061208 0.191548 0.379964 0.343406 0.023875
0.050677 0.168783 0.482743 0.295287 0.002510
0.009340 0.174417 0.573952 0.232620 0.009671
0.060610 0.185842 0.577700 0.157570 0.018277
0.024326 0.185179 0.471081 0.319404 0.000010
0.000010 0.000010 0.582305 0.389155 0.028520
0.443390 0.121075 0.361356 0.074168 0.000010
0.080579 0.302971 0.420533 0.195907 0.000010
0.061075 0.201428 0.723703 0.000010 0.013784
0.071740 0.367619 0.135428 0.386798 0.038414
0.999960 0.000010 0.000010 0.000010 0.000010
0.000010 0.197127 0.802843 0.000010 0.000010
0.000010 0.000010 0.701760 0.293875 0.004345
0.039301 0.138344 0.367027 0.449438 0.005890
0.017270 0.105371 0.318313 0.443455 0.115592
0.049203 0.151802 0.514252 0.284733 0.000010
0.048392 0.177525 0.362323 0.411749 0.000010
0.175044 0.330589 0.076338 0.418019 0.000010
0.999960 0.000010 0.000010 0.000010 0.000010
0.001912 0.165862 0.409677 0.404398 0.018151
0.999960 0.000010 0.000010 0.000010 0.000010
0.000010 0.999960 0.000010 0.000010 0.000010
0.027091 0.103733 0.425874 0.353097 0.090205
0.053973 0.194427 0.281207 0.452983 0.017410
0.115462 0.425972 0.256213 0.202343 0.000010
0.007527 0.146945 0.294233 0.433389 0.117906
0.108797 0.121219 0.443786 0.214008 0.112191
0.000010 0.081288 0.000010 0.918682 0.000010
0.074394 0.261626 0.241616 0.422353 0.000010
0.103655 0.247605 0.193621 0.455110 0.000010
0.000010 0.000010 0.000010 0.988343 0.011627
0.000010 0.180160 0.564061 0.255758 0.000010
0.080114 0.339354 0.143498 0.437024 0.000010
0.024722 0.221316 0.541059 0.212893 0.000010
0.030099 0.207215 0.715690 0.000010 0.046985
0.094965 0.161325 0.319394 0.424306 0.000010
0.066197 0.158521 0.423096 0.352176 0.000010
0.058113 0.191082 0.477305 0.273490 0.000010
0.040431 0.134047 0.360714 0.456364 0.008444
0.181939 0.156095 0.327176 0.334780 0.000010
0.185326 0.091578 0.246819 0.476267 0.000010
0.000010 0.131276 0.223214 0.645490 0.000010
0.000010 0.041073 0.535542 0.423365 0.000010
0.085790 0.320446 0.279898 0.313857 0.000010
0.000010 0.160907 0.435201 0.398610 0.005272
0.466026 0.533944 0.000010 0.000010 0.000010
0.061734 0.088377 0.377007 0.433016 0.039866
0.019803 0.207516 0.365051 0.406800 0.000830
0.083243 0.137079 0.332233 0.445807 0.001638
0.377091 0.169638 0.340562 0.112699 0.000010
0.072063 0.137326 0.373546 0.390553 0.026513
0.355874 0.160455 0.039300 0.410258 0.034113
0.028147 0.236966 0.734867 0.000010 0.000010
0.040960 0.165360 0.405947 0.387724 0.000010
0.049439 0.156291 0.384015 0.345716 0.064539
0.055075 0.171414 0.537829 0.220973 0.014709
0.093691 0.437596 0.264896 0.203807 0.000010
0.001419 0.238665 0.399042 0.360863 0.000010
0.069183 0.232636 0.294803 0.403368 0.000010
0.108362 0.468823 0.000010 0.422794 0.000010
0.112530 0.252205 0.233652 0.401603 0.000010
0.070209 0.149759 0.396081 0.380814 0.003137
0.095836 0.296001 0.130278 0.477874 0.000010
0.999960 0.000010 0.000010 0.000010 0.000010
0.063010 0.200033 0.553691 0.178434 0.004831
0.269212 0.144419 0.353362 0.209989 0.023019
0.999960 0.000010 0.000010 0.000010 0.000010
0.106958 0.432702 0.460320 0.000010 0.000010
0.044786 0.198519 0.438348 0.312426 0.005921
0.091294 0.231821 0.470256 0.204606 0.002023
0.739548 0.000010 0.000010 0.260422 0.000010
0.999960 0.000010 0.000010 0.000010 0.000010
0.098301 0.126912 0.335969 0.402166 0.036652
0.496802 0.124394 0.000010 0.351375 0.027420
0.041389 0.165746 0.537008 0.255847 0.000010
0.000010 0.051899 0.204038 0.713406 0.030648
0.090932 0.192203 0.398183 0.318672 0.000010
0.028558 0.137177 0.287200 0.547055 0.000010
0.116529 0.405469 0.215920 0.262073 0.000010
0.197009 0.000010 0.802961 0.000010 0.000010
0.841722 0.000010 0.158248 0.000010 0.000010
0.099730 0.318365 0.393551 0.188344 0.000010
0.096442 0.355712 0.140757 0.399217 0.007872
0.688230 0.046755 0.203163 0.061843 0.000010
0.000010 0.261467 0.560095 0.172567 0.005861
0.557868 0.000010 0.022944 0.392332 0.026846
0.000010 0.115626 0.491978 0.392375 0.000010
0.095393 0.176173 0.411465 0.298747 0.018222
0.105915 0.000010 0.742454 0.151610 0.000010
0.104198 0.290817 0.225220 0.379755 0.000010
0.078879 0.327409 0.420051 0.156597 0.017064
0.000010 0.123431 0.449724 0.421327 0.005507
0.000010 0.999960 0.000010 0.000010 0.000010
0.013072 0.142143 0.403414 0.437345 0.004026
0.069998 0.145983 0.425097 0.346596 0.012326
0.069503 0.227368 0.243053 0.411415 0.048661
0.081550 0.163422 0.406013 0.333873 0.015142
0.032054 0.154908 0.519889 0.293139 0.000010
0.023583 0.172545 0.451815 0.338489 0.013568
0.001851 0.193148 0.463131 0.341860 0.000010
0.074561 0.220381 0.498750 0.151282 0.055027
0.492871 0.083618 0.248482 0.158819 0.016211
0.055659 0.128428 0.555634 0.245886 0.014394
0.100537 0.330057 0.226780 0.249562 0.093064
0.055548 0.162666 0.405195 0.309435 0.067157
0.049874 0.252333 0.307646 0.386637 0.003511
0.118256 0.173802 0.433939 0.273992 0.000010
0.292676 0.169684 0.300992 0.236637 0.000010
0.000010 0.163989 0.000010 0.835981 0.000010
0.049847 0.266285 0.683848 0.000010 0.000010
0.053628 0.134108 0.287543 0.524711 0.000010
0.046644 0.162820 0.472023 0.311520 0.006993
0.025123 0.147872 0.388962 0.419752 0.018291
0.021200 0.186387 0.792392 0.000010 0.000010
0.064374 0.339344 0.149296 0.446975 0.000010
0.999960 0.000010 0.000010 0.000010 0.000010
0.000010 0.495577 0.504393 0.000010 0.000010
0.593368 0.095333 0.000010 0.311279 0.000010
0.019274 0.089511 0.447969 0.402502 0.040744
0.067240 0.065217 0.513578 0.353955 0.000010
0.060360 0.236962 0.318733 0.371558 0.012388
0.336386 0.110677 0.433089 0.119839 0.000010
0.999960 0.000010 0.000010 0.000010 0.000010
0.110297 0.134325 0.313609 0.441759 0.000010
0.000010 0.251648 0.000010 0.735224 0.013108
0.000010 0.171394 0.471427 0.322891 0.034278
0.049619 0.163258 0.495720 0.291393 0.000010
0.085421 0.328682 0.456672 0.129215 0.000010
0.056851 0.163079 0.444598 0.323040 0.012433
0.000010 0.031951 0.000010 0.968019 0.000010
0.044286 0.116444 0.300811 0.519529 0.018931
0.000010 0.045762 0.954208 0.000010 0.000010
0.000010 0.218163 0.781807 0.000010 0.000010
0.475680 0.000010 0.524290 0.000010 0.000010
0.132580 0.326092 0.370865 0.161479 0.008984
0.042828 0.088482 0.390388 0.432088 0.046215
0.058862 0.282839 0.266265 0.370326 0.021708
0.087207 0.117409 0.484883 0.281263 0.029238
0.000010 0.071814 0.928156 0.000010 0.000010
0.080015 0.412277 0.000010 0.507688 0.000010
0.000010 0.162503 0.364206 0.473271 0.000010
0.041374 0.150538 0.341749 0.466328 0.000010
0.145680 0.372027 0.090451 0.377901 0.013942
0.043142 0.134676 0.342482 0.476197 0.003504
0.000010 0.000010 0.999960 0.000010 0.000010
0.001109 0.166374 0.464800 0.340412 0.027305
0.707165 0.156020 0.136795 0.000010 0.000010
0.343976 0.000010 0.655994 0.000010 0.000010
0.095971 0.190390 0.400735 0.312895 0.000010
0.000010 0.231057 0.766139 0.000010 0.002784
0.040383 0.133984 0.443892 0.372492 0.009248
0.999955 0.000015 0.000010 0.000010 0.000010
0.000010 0.146799 0.410476 0.422615 0.020099
0.094526 0.259398 0.251699 0.394367 0.000010
0.422409 0.283236 0.081573 0.179145 0.033638
0.210978 0.158629 0.248370 0.370669 0.011354
0.017893 0.088714 0.221001 0.650321 0.022071
0.018248 0.238889 0.314394 0.428458 0.000010
0.055305 0.476396 0.000010 0.468279 0.000010
0.034048 0.178634 0.436684 0.349065 0.001569
0.000010 0.119617 0.402327 0.436670 0.041376
0.044707 0.168499 0.462730 0.324054 0.000010
0.134227 0.126182 0.431233 0.308348 0.000010
0.053227 0.148331 0.282118 0.488453 0.027870
0.334151 0.065730 0.261688 0.338422 0.000010
0.000010 0.120064 0.879906 0.000010 0.000010
0.108399 0.363650 0.036730 0.440453 0.050768
0.087232 0.352066 0.085003 0.475689 0.000010
0.015090 0.127639 0.474142 0.337790 0.045340
0.026360 0.172828 0.492678 0.263714 0.044421
0.128935 0.401016 0.103370 0.366668 0.000010
0.999960 0.000010 0.000010 0.000010 0.000010
0.000010 0.175779 0.814307 0.000010 0.009893
0.000010 0.165933 0.497212 0.257681 0.079164
0.047408 0.079014 0.470686 0.338129 0.064762
0.000010 0.000010 0.000010 0.999960 0.000010
0.037628 0.145565 0.582037 0.234760 0.000010
0.000010 0.000010 0.409428 0.582796 0.007756
0.430994 0.088021 0.220734 0.250398 0.009853
0.000010 0.000010 0.000010 0.967082 0.032888
0.303365 0.162759 0.247010 0.283145 0.003721
0.038976 0.176873 0.393042 0.366317 0.024792
0.258430 0.000010 0.741540 0.000010 0.000010
0.082163 0.256751 0.311487 0.349589 0.000010
0.139043 0.224684 0.272880 0.363382 0.000010
0.015055 0.194795 0.357059 0.399777 0.033314
0.084356 0.207785 0.257404 0.442902 0.007553
0.065942 0.171386 0.258208 0.484113 0.020350
0.027717 0.308392 0.266370 0.390617 0.006903
0.185784 0.192003 0.206760 0.374530 0.040923
0.040586 0.333733 0.323065 0.302606 0.000010
0.052831 0.173656 0.442580 0.328951 0.001982
0.565881 0.122281 0.205944 0.094375 0.011519
0.000010 0.020942 0.655204 0.317694 0.006150
0.999960 0.000010 0.000010 0.000010 0.000010
0.055476 0.944494 0.000010 0.000010 0.000010
0.055133 0.221001 0.424513 0.274500 0.024853
0.000010 0.206157 0.529634 0.217559 0.046640
0.071780 0.179229 0.418199 0.298515 0.032276
0.031537 0.143418 0.407579 0.346020 0.071446
0.095249 0.161478 0.227476 0.496789 0.019007
0.000010 0.999960 0.000010 0.000010 0.000010
0.033900 0.124875 0.428575 0.407600 0.005050
0.343525 0.217843 0.124346 0.314276 0.000010
0.028699 0.246110 0.314003 0.377657 0.033532
0.736931 0.000010 0.000010 0.263039 0.000010
0.128572 0.408573 0.301156 0.161689 0.000010
0.079951 0.209450 0.255577 0.414879 0.040143
0.232181 0.325218 0.089985 0.352607 0.000010
0.108795 0.212187 0.541850 0.117387 0.019781
0.337795 0.059121 0.000010 0.603064 0.000010
0.066304 0.280471 0.234356 0.418859 0.000010
0.081505 0.329935 0.248339 0.340212 0.000010
0.081473 0.381772 0.208474 0.279572 0.048709
0.117658 0.290851 0.231245 0.360235 0.000010
0.049092 0.097305 0.443145 0.388812 0.021646
0.065508 0.504232 0.000010 0.430240 0.000010
0.000010 0.124358 0.875612 0.000010 0.000010
0.098443 0.191735 0.316019 0.364858 0.028945
0.041203 0.201715 0.504254 0.198152 0.054677
0.000010 0.190048 0.354349 0.455583 0.000010
0.073904 0.038713 0.450772 0.422581 0.014030
0.040995 0.193524 0.469912 0.248875 0.046694
0.000396 0.119434 0.613726 0.266433 0.000010
0.126319 0.312202 0.180951 0.375314 0.005213
0.121810 0.408312 0.245121 0.224747 0.000010
0.104156 0.385980 0.084669 0.407996 0.017200
0.797881 0.000010 0.004817 0.197282 0.000010
0.061981 0.171249 0.378288 0.388472 0.000010
0.464556 0.535414 0.000010 0.000010 0.000010
0.000010 0.044177 0.000010 0.955793 0.000010
0.000010 0.202072 0.392507 0.378796 0.026615
0.000010 0.174873 0.561365 0.245592 0.018159
0.023342 0.177284 0.430683 0.368681 0.000010
0.007981 0.248712 0.743287 0.000010 0.000010
0.048168 0.126320 0.392511 0.432991 0.000010
0.000010 0.215764 0.784206 0.000010 0.000010
0.101699 0.192665 0.453593 0.252034 0.000010
0.078112 0.164315 0.213625 0.543938 0.000010
0.045649 0.165495 0.314355 0.464794 0.009708
0.038542 0.275119 0.269010 0.411974 0.005355
0.042107 0.113237 0.515315 0.306698 0.022643
0.000010 0.084966 0.915004 0.000010 0.000010
0.019705 0.076734 0.535081 0.346470 0.022010
0.269796 0.102424 0.322158 0.276615 0.029006
0.999960 0.000010 0.000010 0.000010 0.000010
0.000010 0.999960 0.000010 0.000010 0.000010
0.000010 0.182397 0.311548 0.506034 0.000010
0.047433 0.175801 0.322853 0.445078 0.008836
0.000010 0.999960 0.000010 0.000010 0.000010
0.258219 0.109088 0.281100 0.327623 0.023970
0.000010 0.263232 0.736738 0.000010 0.000010
0.000010 0.039861 0.000010 0.960109 0.000010
0.012130 0.213757 0.394230 0.324532 0.055351
0.162064 0.441522 0.000010 0.396395 0.000010
0.982761 0.000010 0.017209 0.000010 0.000010
0.027894 0.128325 0.533410 0.310361 0.000010
0.079428 0.214049 0.406314 0.245689 0.054520
0.057764 0.198525 0.383135 0.360566 0.000010
0.149277 0.127000 0.534591 0.178723 0.010409
0.000010 0.138199 0.508655 0.350366 0.002769
0.027209 0.172549 0.334286 0.455316 0.010640
0.486756 0.071926 0.127091 0.314217 0.000010
0.067085 0.263566 0.658698 0.000010 0.010641
0.018450 0.115037 0.391595 0.469298 0.005619
0.179266 0.000010 0.568957 0.237809 0.013958
0.956822 0.043148 0.000010 0.000010 0.000010
0.000010 0.155191 0.357611 0.467986 0.019202
0.000010 0.267157 0.535303 0.174897 0.022633
0.999960 0.000010 0.000010 0.000010 0.000010
0.999960 0.000010 0.000010 0.000010 0.000010
0.254180 0.000010 0.745790 0.000010 0.000010
0.044277 0.191856 0.440154 0.311523 0.012189
0.023971 0.548295 0.000010 0.427714 0.000010
0.028162 0.158003 0.543318 0.264610 0.005906
0.000010 0.067132 0.442414 0.431163 0.059282
0.000010 0.070970 0.000010 0.929000 0.000010
0.000010 0.139598 0.355807 0.479697 0.024889
0.054110 0.215734 0.374583 0.306135 0.049438
0.000010 0.195387 0.804583 0.000010 0.000010
0.046961 0.165851 0.407576 0.335664 0.043948
0.067605 0.107528 0.440793 0.384064 0.000010
0.044261 0.160925 0.373710 0.409337 0.011766
0.999960 0.000010 0.000010 0.000010 0.000010
0.999960 0.000010 0.000010 0.000010 0.000010
0.137575 0.260295 0.306307 0.280285 0.015538
0.999960 0.000010 0.000010 0.000010 0.000010
0.142270 0.163870 0.361333 0.307553 0.024974
0.256962 0.243337 0.170040 0.329652 0.000010
0.027948 0.123132 0.581332 0.256616 0.010972
0.000010 0.200287 0.353029 0.422896 0.023778
0.508593 0.025688 0.000010 0.465699 0.000010
0.039125 0.202796 0.274477 0.483591 0.000010
0.087244 0.416626 0.086553 0.409567 0.000010
0.999960 0.000010 0.000010 0.000010 0.000010
0.055187 0.173992 0.361302 0.409509 0.000010
0.071918 0.269043 0.243502 0.398939 0.016598
0.014687 0.167230 0.403853 0.373173 0.041057
0.000010 0.067915 0.621511 0.285692 0.024872
0.064114 0.178207 0.525414 0.215439 0.016826
0.079506 0.278645 0.238104 0.403735 0.000010
0.077587 0.138099 0.325389 0.445099 0.013826
0.000010 0.000010 0.000010 0.999960 0.000010
0.139338 0.454359 0.023946 0.382347 0.000010
0.010978 0.082492 0.355374 0.551146 0.000010
0.059953 0.157545 0.494824 0.287668 0.000010
0.000010 0.085070 0.914900 0.000010 0.000010
0.034453 0.297602 0.345649 0.321844 0.000451
0.000010 0.000010 0.999960 0.000010 0.000010
0.000010 0.129972 0.854159 0.000010 0.015849
0.054340 0.209400 0.440378 0.295873 0.000010
0.148745 0.172876 0.332878 0.324922 0.020578
0.714722 0.043883 0.000010 0.241375 0.000010
0.063399 0.132902 0.347716 0.455973 0.000010
0.000010 0.043914 0.000010 0.956056 0.000010
0.590158 0.047273 0.090133 0.272425 0.000010
0.067917 0.165622 0.510478 0.255973 0.000010
0.060751 0.167018 0.401345 0.363490 0.007397
0.079009 0.332529 0.255756 0.332696 0.000010
0.039364 0.178503 0.494260 0.283885 0.003988
0.031808 0.283630 0.365898 0.313096 0.005568
0.849684 0.000010 0.150286 0.000010 0.000010
0.094918 0.458738 0.087711 0.350235 0.008398
0.999960 0.000010 0.000010 0.000010 0.000010
0.081088 0.154211 0.337850 0.392800 0.034051
0.101719 0.334444 0.238097 0.325730 0.000010
0.132673 0.112273 0.343043 0.399875 0.012136
0.167338 0.115602 0.381523 0.335528 0.000010
0.000010 0.999960 0.000010 0.000010 0.000010
0.529717 0.191572 0.000010 0.278692 0.000010
0.000386 0.129583 0.434702 0.435318 0.000010
0.057867 0.213773 0.351917 0.372132 0.004310
0.507416 0.106598 0.184101 0.199195 0.002689
0.210023 0.246914 0.290548 0.245166 0.007349
0.041847 0.193571 0.495652 0.247255 0.021676
0.341163 0.168957 0.164837 0.320919 0.004124
0.082360 0.125127 0.487818 0.294738 0.009957
0.999960 0.000010 0.000010 0.000010 0.000010
0.333128 0.000010 0.000010 0.666842 0.000010
0.000010 0.000010 0.000010 0.999960 0.000010
0.000010 0.125097 0.543492 0.331392 0.000010
0.061541 0.251759 0.370779 0.315910 0.000010
0.449121 0.000010 0.550849 0.000010 0.000010
0.052022 0.179801 0.441688 0.326480 0.000010
0.029847 0.054754 0.440954 0.467128 0.007317
0.093722 0.120664 0.432284 0.348712 0.004618
0.056176 0.247805 0.695999 0.000010 0.000010
0.000010 0.187153 0.286092 0.522611 0.004133
0.094768 0.409492 0.495720 0.000010 0.000010
0.045791 0.183108 0.272919 0.483592 0.014591
0.089759 0.331477 0.347621 0.231133 0.000010
0.020549 0.113481 0.466503 0.314427 0.085040
0.017978 0.247949 0.526797 0.186693 0.020583
0.160165 0.310949 0.177662 0.337195 0.014030
0.020644 0.263777 0.354618 0.360951 0.000010
0.077208 0.274693 0.393096 0.210950 0.044053
0.053189 0.192672 0.398322 0.341228 0.014589
0.441239 0.064532 0.245153 0.229726 0.019350
0.024030 0.135288 0.369280 0.421863 0.049540
0.128623 0.117668 0.248585 0.503583 0.001540
0.160191 0.185550 0.357314 0.294030 0.002914
0.056049 0.237550 0.541999 0.164392 0.000010
0.016648 0.189326 0.411725 0.355367 0.026934
0.049140 0.140118 0.386422 0.423691 0.000628
0.004062 0.128999 0.505935 0.341005 0.020000
0.020379 0.096052 0.453901 0.377896 0.051772
0.696636 0.080933 0.222412 0.000010 0.000010
0.000010 0.000010 0.000010 0.999960 0.000010
0.080974 0.333192 0.000010 0.576216 0.009609
0.067255 0.304273 0.245408 0.359459 0.023605
0.000010 0.092258 0.000010 0.904393 0.003329
0.060286 0.142909 0.584044 0.212751 0.000010
0.002218 0.206412 0.452189 0.325793 0.013389
0.041762 0.167543 0.417750 0.321069 0.051875
0.042506 0.127185 0.518976 0.311323 0.000010
0.000010 0.000010 0.000010 0.999960 0.000010
0.021808 0.108916 0.506529 0.362737 0.000010
0.046238 0.141959 0.394484 0.417309 0.000010
0.038307 0.173786 0.446453 0.282546 0.058907
0.108460 0.303837 0.285510 0.302183 0.000010
0.073111 0.364516 0.065180 0.497183 0.000010
0.086411 0.311683 0.114390 0.487505 0.000010
0.080963 0.186445 0.354665 0.374014 0.003913
0.050723 0.124880 0.375082 0.449305 0.000010
0.000010 0.197570 0.802400 0.000010 0.000010
0.206158 0.104338 0.371467 0.307831 0.010206
0.000010 0.294336 0.000010 0.705634 0.000010
0.003996 0.142201 0.502030 0.336010 0.015763
0.103644 0.278429 0.288617 0.324586 0.004724
0.037154 0.204558 0.302623 0.405661 0.050003
0.107060 0.285636 0.179753 0.427540 0.000010
0.058635 0.220260 0.449633 0.260294 0.011177
0.005062 0.188917 0.460798 0.345212 0.000010
0.079731 0.303485 0.180096 0.331537 0.105150
0.036985 0.130810 0.381415 0.404701 0.046088
0.143211 0.462173 0.052979 0.341626 0.000010
0.024624 0.000010 0.000010 0.967377 0.007979
0.025680 0.149161 0.465657 0.359491 0.000010
0.030634 0.167761 0.438589 0.361813 0.001203
0.143438 0.441984 0.114486 0.300082 0.000010
0.139149 0.229001 0.254288 0.345129 0.032433
0.101613 0.167458 0.406929 0.297824 0.026176
0.066530 0.215942 0.204029 0.513489 0.000010
0.112336 0.199172 0.409616 0.258472 0.020404
0.000010 0.000010 0.000010 0.999960 0.000010
0.113484 0.370054 0.000010 0.516442 0.000010
0.113047 0.114077 0.217996 0.549528 0.005352
0.000010 0.138782 0.417932 0.443266 0.000010
0.000010 0.053411 0.413632 0.501451 0.031495
0.036096 0.127257 0.438319 0.398318 0.000010
0.064730 0.202844 0.412039 0.320376 0.000010
0.052984 0.382815 0.156915 0.407275 0.000010
0.068495 0.158451 0.463307 0.276472 0.033276
0.020821 0.113559 0.360963 0.448692 0.055966
0.277328 0.104897 0.271078 0.346687 0.000010
0.095637 0.353667 0.118912 0.381013 0.050771
0.020647 0.149060 0.419059 0.411223 0.000010
0.067951 0.176925 0.425824 0.317738 0.011562
0.373567 0.000010 0.441222 0.185191 0.000010
0.075333 0.169557 0.538925 0.209398 0.006788
0.020704 0.194182 0.421120 0.314229 0.049765
0.027089 0.212229 0.401745 0.358927 0.000010
0.078025 0.167893 0.350051 0.395060 0.008971
0.677457 0.031906 0.000010 0.290616 0.000010
0.086742 0.209209 0.704029 0.000010 0.000010
0.765933 0.146666 0.087382 0.000010 0.000010
0.109117 0.310725 0.124960 0.455188 0.000010
0.062773 0.304188 0.172562 0.460468 0.000010
0.000010 0.062807 0.937163 0.000010 0.000010
0.000010 0.176740 0.823230 0.000010 0.000010
0.180657 0.214978 0.217327 0.387028 0.000010
0.080855 0.167075 0.536007 0.166615 0.049448
0.014655 0.156761 0.442330 0.386245 0.000010
0.092529 0.161673 0.506091 0.236531 0.003175
0.067561 0.097291 0.524649 0.309232 0.001267
0.031328 0.199545 0.348254 0.350781 0.070092
0.066155 0.290759 0.305193 0.337883 0.000010
0.000010 0.171984 0.376576 0.443365 0.008066
0.000013 0.171287 0.437285 0.391405 0.000010
0.116823 0.000010 0.883147 0.000010 0.000010
0.049024 0.243100 0.444462 0.255193 0.008221
0.051046 0.301081 0.195006 0.447894 0.004974
0.015245 0.259475 0.466845 0.258424 0.000010
0.054003 0.170433 0.391758 0.374053 0.009753
0.000010 0.052203 0.947767 0.000010 0.000010
0.064683 0.217426 0.552596 0.133614 0.031681
0.128788 0.283569 0.336257 0.251376 0.000010
0.000010 0.000010 0.000010 0.999960 0.000010
0.116671 0.396665 0.165672 0.320982 0.000010
0.049702 0.284328 0.161830 0.454360 0.049780
0.005883 0.099144 0.588021 0.292734 0.014217
0.097881 0.288400 0.162652 0.445024 0.006043
0.079581 0.198143 0.399620 0.308806 0.013850
0.000010 0.025702 0.599634 0.344994 0.029661
0.023626 0.151472 0.389540 0.429923 0.005439
0.000010 0.086255 0.000010 0.913715 0.000010
0.000010 0.042768 0.000010 0.896253 0.060960
0.118478 0.239539 0.100782 0.541191 0.000010
0.130816 0.394372 0.068289 0.406513 0.000010
0.064535 0.216852 0.286189 0.419530 0.012895
0.000010 0.064382 0.935588 0.000010 0.000010
0.199985 0.141129 0.377629 0.191232 0.090024
0.047487 0.278054 0.398724 0.269026 0.006708
0.046744 0.144348 0.203322 0.584138 0.021448
0.000010 0.201977 0.782256 0.000010 0.015747
0.719033 0.000010 0.280937 0.000010 0.000010
0.106915 0.336348 0.259318 0.295990 0.001429
0.070516 0.214189 0.531408 0.168450 0.015438
0.040760 0.125174 0.563021 0.270977 0.000069
0.054881 0.255045 0.295465 0.386676 0.007933
0.003796 0.276706 0.719478 0.000010 0.000010
0.047371 0.182384 0.512828 0.225630 0.031787
0.061059 0.237442 0.691236 0.000010 0.010253
0.042304 0.133554 0.414185 0.313316 0.096640
0.582405 0.076327 0.000010 0.341248 0.000010
0.999960 0.000010 0.000010 0.000010 0.000010
0.014477 0.179108 0.485153 0.321252 0.000010
0.073273 0.241232 0.180416 0.505070 0.000010
0.152234 0.078774 0.374756 0.360794 0.033442
0.211738 0.113390 0.145661 0.490248 0.038962
0.033015 0.048010 0.493440 0.422986 0.002549
0.050083 0.077307 0.527920 0.323270 0.021420
0.000016 0.146545 0.442528 0.410901 0.000010
0.192320 0.079596 0.335484 0.381346 0.011254
0.065792 0.126956 0.358926 0.448317 0.000010
0.016291 0.251832 0.711290 0.000010 0.020577
0.030245 0.173193 0.326851 0.469700 0.000010
0.032118 0.139186 0.493803 0.334882 0.000010
0.043286 0.134818 0.463675 0.324117 0.034103
0.014069 0.234987 0.301671 0.405476 0.043797
0.032117 0.165608 0.352669 0.405148 0.044458
0.043979 0.152164 0.303675 0.483526 0.016656
0.057973 0.264058 0.370806 0.283011 0.024151
0.215858 0.039130 0.508165 0.223745 0.013103
0.000010 0.105822 0.000010 0.894148 0.000010
0.081064 0.265634 0.250768 0.384509 0.018025
0.181809 0.083639 0.293220 0.419671 0.021660
0.023286 0.164923 0.366691 0.437384 0.007717
0.000010 0.124483 0.538541 0.336956 0.000010
0.111218 0.257688 0.313108 0.317975 0.000010
0.063994 0.098298 0.389141 0.386725 0.061842
0.525174 0.129004 0.078242 0.267570 0.000010
0.244161 0.065283 0.306118 0.384428 0.000010
0.064218 0.197255 0.532999 0.188365 0.017164
0.044668 0.183446 0.478247 0.293630 0.000010
0.252564 0.215898 0.115192 0.392486 0.023861
0.085492 0.143160 0.302221 0.437370 0.031758
0.003367 0.206847 0.772040 0.000010 0.017736
0.065749 0.073879 0.476942 0.383420 0.000010
0.112091 0.186830 0.376935 0.321351 0.002794
0.066712 0.116384 0.407701 0.409193 0.000010
0.000010 0.162186 0.292641 0.513759 0.031405
0.000010 0.112425 0.424269 0.455815 0.007481
0.134796 0.482106 0.000010 0.383078 0.000010
0.039248 0.312739 0.301023 0.346980 0.000010
0.074528 0.239675 0.409071 0.276716 0.000010
0.049266 0.169820 0.374199 0.388071 0.018644
0.525176 0.111218 0.297128 0.046605 0.019873
0.073342 0.282347 0.233119 0.404851 0.006341
0.668211 0.119160 0.212609 0.000010 0.000010
0.151093 0.164731 0.356798 0.314365 0.013012
0.450968 0.119741 0.329715 0.099566 0.000010
0.000010 0.446913 0.553057 0.000010 0.000010
0.046871 0.285531 0.168696 0.498891 0.000010
0.051874 0.211729 0.325107 0.411280 0.000010
0.511627 0.044196 0.444157 0.000010 0.000010
0.041435 0.279375 0.310456 0.340773 0.027961
0.070689 0.261358 0.356683 0.304241 0.007029
0.141718 0.469125 0.000010 0.389137 0.000010
0.000010 0.002669 0.000010 0.997301 0.000010
0.078681 0.169946 0.261612 0.489751 0.000010
0.141787 0.165335 0.288844 0.388399 0.015635
0.063710 0.135928 0.448693 0.337104 0.014565
0.038174 0.103859 0.480958 0.376998 0.000010
0.000010 0.252237 0.232568 0.480137 0.035048
0.060048 0.218232 0.326111 0.364632 0.030977
0.062267 0.194016 0.347260 0.376061 0.020396
0.182699 0.282618 0.209036 0.325637 0.000010
0.000010 0.090745 0.542763 0.261909 0.104573
0.038983 0.134255 0.431734 0.395018 0.000010
0.084526 0.139111 0.573036 0.203318 0.000010
0.044316 0.196393 0.213566 0.519031 0.026693
0.082115 0.198464 0.372415 0.346996 0.000010
0.037237 0.043261 0.373890 0.532534 0.013078
0.664576 0.096076 0.000010 0.239328 0.000010
0.008550 0.288779 0.349126 0.336712 0.016833
0.000010 0.146540 0.000010 0.827908 0.025531
0.124594 0.173806 0.701580 0.000010 0.000010
0.000010 0.025907 0.652215 0.300977 0.020891
0.263956 0.136445 0.333895 0.257505 0.008198
0.048085 0.238017 0.334243 0.366412 0.013243
0.066978 0.028687 0.443279 0.429484 0.031572
0.261723 0.267978 0.143686 0.301437 0.025176
0.224496 0.410884 0.093694 0.262501 0.008424
0.036554 0.118184 0.550283 0.257402 0.037576
0.024782 0.302917 0.250280 0.422011 0.000010
0.040627 0.321543 0.188401 0.449418 0.000010
0.004873 0.118831 0.394386 0.476873 0.005037
0.023147 0.152379 0.414392 0.398343 0.011739
0.058267 0.196280 0.256761 0.472207 0.016484
0.097646 0.174424 0.486494 0.238454 0.002982
0.039529 0.077844 0.264716 0.590016 0.027894
0.000010 0.000010 0.000010 0.999960 0.000010
0.000010 0.150280 0.845350 0.000010 0.004350
0.089642 0.267450 0.135326 0.507571 0.000010
0.124000 0.149831 0.367765 0.346513 0.011892
0.052249 0.151669 0.489357 0.306173 0.000552
0.040447 0.168797 0.481317 0.309429 0.000010
0.095539 0.320684 0.000010 0.583757 0.000010
0.001591 0.165800 0.379345 0.453255 0.000010
0.149173 0.423978 0.077485 0.343722 0.005642
0.063523 0.302953 0.252900 0.380613 0.000010
0.090739 0.293175 0.614349 0.000010 0.001727
0.000010 0.056123 0.000010 0.943847 0.000010
0.440296 0.128621 0.203880 0.227193 0.000010
0.002887 0.193068 0.595651 0.208384 0.000010
0.671102 0.092163 0.056305 0.118980 0.061451
0.074739 0.188573 0.266887 0.469791 0.000010
0.078985 0.170532 0.294677 0.455796 0.000010
0.057236 0.384443 0.083159 0.475152 0.000010
0.000010 0.157831 0.000010 0.842139 0.000010
0.086680 0.000010 0.557337 0.304785 0.051188
0.082713 0.404890 0.155278 0.357110 0.000010
0.075111 0.244764 0.333087 0.317147 0.029891
0.145834 0.408485 0.000010 0.445661 0.000010
0.116596 0.303579 0.181364 0.398451 0.000010
0.205470 0.057632 0.279915 0.456972 0.000010
0.044260 0.202264 0.427079 0.314258 0.012139
0.065908 0.178955 0.507361 0.247766 0.000010
0.022245 0.142462 0.453416 0.341993 0.039884
0.019277 0.195041 0.312130 0.473542 0.000010
0.064795 0.167946 0.301895 0.457726 0.007637
0.000010 0.999960 0.000010 0.000010 0.000010
0.063412 0.181584 0.446317 0.283994 0.024692
0.126382 0.051927 0.444073 0.302833 0.074785
0.075016 0.207633 0.350706 0.334464 0.032182
0.000010 0.000010 0.000010 0.999960 0.000010
0.221801 0.213401 0.103075 0.461713 0.000010
0.036547 0.202904 0.319932 0.391685 0.048932
0.004765 0.162115 0.518711 0.295516 0.018893
0.114183 0.230658 0.655140 0.000010 0.000010
0.007273 0.143714 0.387317 0.459921 0.001775
0.025898 0.119724 0.501893 0.352475 0.000010
0.020087 0.134768 0.353160 0.491975 0.000010
0.051891 0.158104 0.412906 0.377089 0.000010
0.052256 0.207059 0.419370 0.321304 0.000010
0.000010 0.115308 0.335847 0.529121 0.019715
0.084730 0.163054 0.490221 0.237069 0.024926
0.076042 0.264539 0.231829 0.406704 0.020886
0.000010 0.999960 0.000010 0.000010 0.000010
0.070919 0.187903 0.450139 0.266159 0.024880
0.009324 0.126787 0.382159 0.481719 0.000010
0.035210 0.228137 0.416939 0.296010 0.023705
0.032759 0.015660 0.515913 0.421169 0.014500
0.015971 0.203294 0.526493 0.252589 0.001654
0.037181 0.346128 0.616671 0.000010 0.000010
0.000010 0.999960 0.000010 0.000010 0.000010
0.999960 0.000010 0.000010 0.000010 0.000010
0.000010 0.029342 0.970628 0.000010 0.000010
0.723500 0.055792 0.000010 0.220689 0.000010
0.999960 0.000010 0.000010 0.000010 0.000010
0.000010 0.642323 0.000010 0.357647 0.000010
0.005754 0.151495 0.430056 0.401556 0.011139
0.112331 0.410980 0.221706 0.251205 0.003778
0.046220 0.168176 0.411346 0.365397 0.008861
0.099414 0.198991 0.434652 0.240743 0.026201
0.000010 0.122688 0.476965 0.397234 0.003103
0.000010 0.106129 0.379367 0.508417 0.006077
0.009947 0.176956 0.416736 0.389717 0.006644
0.143770 0.226671 0.342145 0.287405 0.000010
0.149584 0.171347 0.410471 0.268588 0.000010
0.043352 0.232873 0.258786 0.451331 0.013658
0.084028 0.164512 0.340837 0.410613 0.000010
0.041329 0.043708 0.580887 0.304684 0.029391
0.819558 0.000010 0.180412 0.000010 0.000010
0.462700 0.000010 0.419977 0.101647 0.015666
0.026752 0.200686 0.360624 0.375770 0.036168
0.211238 0.166753 0.238426 0.377160 0.006422
0.027161 0.166064 0.508530 0.276945 0.021301
0.102270 0.109354 0.580479 0.207887 0.000010
0.609778 0.156929 0.117631 0.115415 0.000246
0.087198 0.186280 0.478269 0.248243 0.000010
0.012686 0.176038 0.246070 0.512564 0.052641
0.275942 0.406575 0.000010 0.317462 0.000010
0.000010 0.000010 0.000010 0.999960 0.000010
0.021433 0.245706 0.356506 0.376344 0.000010
0.033545 0.089091 0.314343 0.545090 0.017930
0.026196 0.345245 0.187059 0.441490 0.000010
0.000010 0.106429 0.500680 0.381105 0.011775
0.015148 0.171101 0.437372 0.340105 0.036274
0.019063 0.182487 0.798430 0.000010 0.000010
0.161042 0.044380 0.537620 0.256948 0.000010
0.043814 0.287295 0.215830 0.439314 0.013746
0.026282 0.285548 0.688150 0.000010 0.000010
0.172012 0.215608 0.289687 0.318373 0.004320
0.089405 0.478427 0.000010 0.432148 0.000010
0.147922 0.424184 0.000010 0.427874 0.000010
0.039491 0.218354 0.357957 0.379087 0.005111
0.000010 0.244939 0.755031 0.000010 0.000010
0.103051 0.194068 0.283469 0.419401 0.000010
0.062652 0.110449 0.432565 0.371622 0.022712
0.049850 0.122879 0.326940 0.500322 0.000010
0.073639 0.263279 0.234197 0.428875 0.000010
0.040530 0.135037 0.494516 0.293195 0.036721
0.140866 0.411463 0.145881 0.301200 0.000591
0.010590 0.137089 0.506607 0.336693 0.009021
0.110568 0.385770 0.000010 0.503642 0.000010
0.000010 0.071201 0.000010 0.928769 0.000010
0.118124 0.315844 0.262819 0.303203 0.000010
0.030545 0.241115 0.411881 0.300118 0.016341
0.000010 0.153879 0.416620 0.429480 0.000010
0.000010 0.000010 0.000010 0.000010 0.999960
0.091361 0.175374 0.472925 0.260138 0.000203
0.074033 0.209743 0.534710 0.174672 0.006843
0.034885 0.184516 0.240695 0.522734 0.017170
0.108166 0.239026 0.323605 0.329193 0.000010
0.105517 0.170511 0.316447 0.407515 0.000010
0.100534 0.353304 0.000010 0.546142 0.000010
0.072236 0.192222 0.438495 0.297037 0.000010
0.259718 0.106264 0.389756 0.213945 0.030317
0.000010 0.354963 0.508288 0.136729 0.000010
0.024935 0.194466 0.578597 0.201992 0.000010
0.004482 0.046375 0.425923 0.523210 0.000010
0.099735 0.147632 0.310009 0.401838 0.040786
0.429149 0.000010 0.054823 0.516008 0.000010
0.999960 0.000010 0.000010 0.000010 0.000010
0.839600 0.018757 0.000010 0.141622 0.000010
0.663669 0.000010 0.120231 0.216080 0.000010
0.205642 0.205206 0.434109 0.155032 0.000010
0.029033 0.056095 0.455995 0.439180 0.019696
0.027147 0.343412 0.356231 0.233132 0.040078
0.030693 0.202191 0.428236 0.338870 0.000010
0.000010 0.000010 0.000010 0.000010 0.999960
0.203261 0.220863 0.307489 0.265071 0.003315
0.070834 0.250800 0.406483 0.263165 0.008719
0.613758 0.198234 0.169201 0.000010 0.018796
0.036895 0.155653 0.247726 0.559717 0.000010
0.110338 0.173157 0.236957 0.475321 0.004227
0.149565 0.107658 0.327949 0.411096 0.003731
0.070490 0.186863 0.389200 0.324431 0.029016
0.082283 0.050684 0.347216 0.471255 0.048563
0.032150 0.000010 0.471455 0.430825 0.065560
0.072049 0.122349 0.375247 0.430345 0.000010
0.069651 0.133239 0.408210 0.372463 0.016438
0.052190 0.112657 0.491360 0.343784 0.000010
0.042263 0.186056 0.527422 0.244249 0.000010
0.064257 0.183881 0.479286 0.272566 0.000010
0.000010 0.197847 0.450500 0.351634 0.000010
0.066691 0.152518 0.421127 0.357418 0.002246
0.000010 0.175451 0.454550 0.358691 0.011298
0.923759 0.076211 0.000010 0.000010 0.000010
0.255935 0.117620 0.000010 0.552589 0.073846
0.000010 0.000010 0.000010 0.999960 0.000010
0.158197 0.121882 0.454311 0.265600 0.000010
0.182670 0.192433 0.487327 0.130970 0.006600
0.006987 0.000010 0.474185 0.517198 0.001620
0.000010 0.488951 0.000010 0.511019 0.000010
0.056443 0.252549 0.409988 0.226718 0.054302
0.064676 0.145036 0.322710 0.467569 0.000010
0.000010 0.999959 0.000011 0.000010 0.000010
0.116167 0.415049 0.193752 0.259242 0.015791
0.050784 0.196293 0.498226 0.254687 0.000010
0.805285 0.000010 0.000010 0.000010 0.194685
0.078685 0.280493 0.000010 0.640803 0.000010
0.366984 0.057538 0.287487 0.287981 0.000010
0.080155 0.479934 0.029895 0.410006 0.000010
0.116162 0.136326 0.387208 0.360294 0.000010
0.000010 0.251251 0.308819 0.439911 0.000010
0.000010 0.999960 0.000010 0.000010 0.000010
0.000010 0.999960 0.000010 0.000010 0.000010
0.604089 0.000010 0.395881 0.000010 0.000010
0.091714 0.191781 0.459181 0.257314 0.000010
0.123000 0.185527 0.271670 0.414887 0.004916
0.000010 0.999960 0.000010 0.000010 0.000010
0.057091 0.216208 0.381790 0.344901 0.000010
0.046795 0.075148 0.459717 0.386158 0.032182
0.974418 0.025552 0.000010 0.000010 0.000010
0.305935 0.178146 0.253039 0.262871 0.000010
0.104694 0.173501 0.429686 0.281758 0.010360
0.019081 0.081011 0.571843 0.309634 0.018432
0.155473 0.347419 0.083645 0.413452 0.000010
0.121594 0.143207 0.502585 0.222649 0.009964
0.000010 0.000010 0.000010 0.000010 0.999960
0.196979 0.256894 0.123150 0.409094 0.013882
0.049153 0.123102 0.516653 0.296047 0.015045
0.970650 0.029320 0.000010 0.000010 0.000010
0.032933 0.178996 0.542866 0.245195 0.000010
0.000010 0.075343 0.421904 0.487443 0.015300
0.000010 0.085190 0.430223 0.466704 0.017873
0.066799 0.242780 0.348802 0.337969 0.003650
0.022764 0.183255 0.304373 0.442539 0.047069
0.029186 0.090170 0.492782 0.362316 0.025546
0.079038 0.354511 0.137015 0.429426 0.000010
0.122662 0.000010 0.877308 0.000010 0.000010
0.072517 0.207262 0.592450 0.126458 0.001313
0.000010 0.225357 0.395798 0.330779 0.048056
0.095778 0.116419 0.474382 0.313411 0.000010
0.000010 0.000010 0.000010 0.999960 0.000010
0.087838 0.183038 0.558181 0.170933 0.000010
0.103030 0.193557 0.428020 0.275383 0.000010
0.098888 0.046622 0.328329 0.513875 0.012286
0.151653 0.190673 0.450267 0.207397 0.000010
0.090854 0.137009 0.155924 0.616202 0.000010
0.116919 0.129648 0.470494 0.282930 0.000010
0.106412 0.095257 0.401992 0.386677 0.009662
0.053129 0.099656 0.507784 0.339420 0.000010
0.096284 0.082757 0.816485 0.000010 0.004464
0.999960 0.000010 0.000010 0.000010 0.000010
0.078867 0.000010 0.549679 0.371434 0.000010
0.056500 0.200162 0.389686 0.327475 0.026176
0.075294 0.000010 0.770025 0.154541 0.000130
0.133666 0.197202 0.669112 0.000010 0.000010
0.089742 0.000010 0.155513 0.662829 0.091907
0.135565 0.114959 0.410146 0.339319 0.000010
0.149606 0.073407 0.312627 0.453185 0.011176
0.146561 0.049882 0.388203 0.415343 0.000010
0.208734 0.132404 0.330196 0.321835 0.006832
0.258643 0.076827 0.330792 0.331819 0.001919
0.067777 0.000010 0.273628 0.655274 0.003312
0.137236 0.305896 0.251382 0.274317 0.031169
0.189676 0.140916 0.485144 0.184255 0.000010
0.043296 0.090776 0.373730 0.492188 0.000010
0.115171 0.153560 0.701293 0.000010 0.029966
0.112616 0.150978 0.563911 0.159669 0.012825
0.178466 0.292113 0.249961 0.232422 0.047039
0.070321 0.146120 0.314793 0.468756 0.000010
0.025682 0.143088 0.456068 0.375152 0.000010
0.162315 0.166289 0.250445 0.420941 0.000010
0.096382 0.257646 0.228137 0.417826 0.000010
0.134852 0.272977 0.214006 0.362263 0.015902
0.000010 0.000010 0.000010 0.999960 0.000010
0.000010 0.104873 0.483292 0.411815 0.000010
0.999960 0.000010 0.000010 0.000010 0.000010
0.094054 0.143135 0.524296 0.192393 0.046123
0.050134 0.137852 0.541315 0.255793 0.014906
0.000010 0.093291 0.314546 0.591988 0.000165
0.000010 0.013001 0.589075 0.384161 0.013752
0.058484 0.063222 0.422377 0.455907 0.000010
0.999960 0.000010 0.000010 0.000010 0.000010
